0.000000000000000000e+00 3.039642389641174614e+00
0.000000000000000000e+00 2.630144843058177528e-01
0.000000000000000000e+00 1.558439511682199186e-01
0.000000000000000000e+00 -1.371245002692443204e+00
0.000000000000000000e+00 -3.228840964975603356e-01
0.000000000000000000e+00 2.018059978342336969e+00
0.000000000000000000e+00 8.243871743816051367e-01
0.000000000000000000e+00 8.972536324131142882e-01
0.000000000000000000e+00 1.874802579260119284e+00
0.000000000000000000e+00 1.783057461947464395e+00
0.000000000000000000e+00 1.174166332389050549e+00
0.000000000000000000e+00 2.641651678572089601e+00
0.000000000000000000e+00 5.578726095367114723e-01
0.000000000000000000e+00 2.542521780808720822e-01
0.000000000000000000e+00 2.382808530959170668e+00
0.000000000000000000e+00 6.867560133611891882e-01
0.000000000000000000e+00 7.385015001673804758e-01
0.000000000000000000e+00 1.213767113610957571e+00
0.000000000000000000e+00 3.577334638464570560e+00
0.000000000000000000e+00 1.502561998897512741e+00
0.000000000000000000e+00 -8.875432978981612209e-02
0.000000000000000000e+00 -1.514122872004983744e-01
0.000000000000000000e+00 8.903286910637711049e-01
0.000000000000000000e+00 6.228592747170691446e-01
0.000000000000000000e+00 1.687104252964931383e+00
0.000000000000000000e+00 -5.444854998877857177e-02
0.000000000000000000e+00 -1.053571638281525225e+00
0.000000000000000000e+00 2.086138080706486875e+00
0.000000000000000000e+00 2.678867229966679808e+00
0.000000000000000000e+00 1.403242398594584550e+00
0.000000000000000000e+00 -1.514363667304189587e+00
0.000000000000000000e+00 -5.111536086390908729e-01
0.000000000000000000e+00 -1.519373546684092968e-01
0.000000000000000000e+00 2.995900380835562204e-01
0.000000000000000000e+00 1.565855087449901983e+00
0.000000000000000000e+00 4.944111361452994124e-01
0.000000000000000000e+00 2.218273223243721892e-01
0.000000000000000000e+00 2.724215967721186793e+00
0.000000000000000000e+00 3.244180900686357560e-01
0.000000000000000000e+00 1.560588062368705842e+00
0.000000000000000000e+00 8.380118359191129906e-01
0.000000000000000000e+00 -1.306051977653761575e-01
0.000000000000000000e+00 1.979461847771523120e-01
0.000000000000000000e+00 1.606756868988840514e+00
0.000000000000000000e+00 4.119316897903628760e-01
0.000000000000000000e+00 2.915566941514247112e+00
0.000000000000000000e+00 1.158046407297085745e+00
0.000000000000000000e+00 1.776366558587475275e+00
0.000000000000000000e+00 9.510576834377847399e-01
0.000000000000000000e+00 1.461509650059188647e+00
1.000000000000000000e+00 1.057195802636713422e+00
1.000000000000000000e+00 2.555749585777787880e-01
1.000000000000000000e+00 1.422328558115398600e+00
1.000000000000000000e+00 -1.358331036553901860e+00
1.000000000000000000e+00 1.433907291426232522e+00
1.000000000000000000e+00 3.922785493269427270e-01
1.000000000000000000e+00 -8.360651210161964553e-01
1.000000000000000000e+00 2.388228027734030867e+00
1.000000000000000000e+00 1.111382352049333777e-01
1.000000000000000000e+00 7.365800137655098556e-01
1.000000000000000000e+00 1.034795197281222823e+00
1.000000000000000000e+00 1.698871627776604498e+00
1.000000000000000000e+00 -7.714907916234636787e-02
1.000000000000000000e+00 -4.338505798722105400e-01
1.000000000000000000e+00 6.329527074021908950e-01
1.000000000000000000e+00 4.085708515211151637e-01
1.000000000000000000e+00 -5.021457456986238022e-01
1.000000000000000000e+00 4.838067541330490773e-01
1.000000000000000000e+00 1.351909768404118362e+00
1.000000000000000000e+00 1.034399600634201555e+00
1.000000000000000000e+00 1.718361470290762139e+00
1.000000000000000000e+00 2.629734625721308561e+00
1.000000000000000000e+00 9.634125395698737160e-01
1.000000000000000000e+00 1.951303905216396073e+00
1.000000000000000000e+00 5.634411392029876620e-01
1.000000000000000000e+00 -5.523000813545007048e-01
1.000000000000000000e+00 2.131509261898065333e+00
1.000000000000000000e+00 2.224529380073846596e+00
1.000000000000000000e+00 -8.308462413981185790e-01
1.000000000000000000e+00 -6.715379918762875988e-02
1.000000000000000000e+00 -2.447853370692225639e-01
1.000000000000000000e+00 5.919802038322276028e-01
1.000000000000000000e+00 -2.491931219352583327e-02
1.000000000000000000e+00 -3.295790811542429477e-01
1.000000000000000000e+00 -1.204836538738792040e+00
1.000000000000000000e+00 1.438034489288881890e+00
1.000000000000000000e+00 4.107409089450783091e-01
1.000000000000000000e+00 8.155503940673547447e-01
1.000000000000000000e+00 6.685312865607251354e-01
1.000000000000000000e+00 -3.794573691072378185e-01
1.000000000000000000e+00 3.217140541623219052e-01
1.000000000000000000e+00 1.533404457583102509e+00
1.000000000000000000e+00 4.341408677683205930e+00
1.000000000000000000e+00 -4.727550931271173873e-02
1.000000000000000000e+00 -2.147465247356863394e-01
1.000000000000000000e+00 1.854115999100492740e+00
1.000000000000000000e+00 1.017867436793709723e+00
1.000000000000000000e+00 1.377083350828158581e+00
1.000000000000000000e+00 7.696661121065110356e-01
1.000000000000000000e+00 -1.430027497520445223e-01
1.000000000000000000e+00 8.270524797392582173e-01
1.000000000000000000e+00 8.539114352005797715e-01
1.000000000000000000e+00 1.155813650695096451e+00
1.000000000000000000e+00 1.048201177013046825e+00
1.000000000000000000e+00 2.402578052128161445e-01
1.000000000000000000e+00 -1.149858809219347577e+00
1.000000000000000000e+00 1.676687821488685115e+00
1.000000000000000000e+00 1.380584532316938562e-01
1.000000000000000000e+00 8.625199901423075133e-04
1.000000000000000000e+00 1.945278577963281519e+00
1.000000000000000000e+00 -1.506482080225658216e+00
1.000000000000000000e+00 -7.082002374104958697e-01
1.000000000000000000e+00 2.566737916789088025e-01
1.000000000000000000e+00 -9.853530932941447773e-01
1.000000000000000000e+00 9.667325465183407296e-02
1.000000000000000000e+00 -8.076205095019595159e-01
1.000000000000000000e+00 1.341924444522999416e+00
1.000000000000000000e+00 1.252058382704842820e+00
1.000000000000000000e+00 4.188434236531268784e-02
1.000000000000000000e+00 2.429008869625857603e+00
1.000000000000000000e+00 1.745257924326051757e+00
1.000000000000000000e+00 -1.299314137235791922e-01
1.000000000000000000e+00 3.540254722364388762e-01
1.000000000000000000e+00 3.154346225536901915e+00
1.000000000000000000e+00 1.831139683729856582e+00
1.000000000000000000e+00 1.585201218121545352e+00
1.000000000000000000e+00 1.052072002596803557e+00
1.000000000000000000e+00 1.479776884320266994e+00
1.000000000000000000e+00 4.804570706793859225e-01
1.000000000000000000e+00 -8.629000085514899610e-01
1.000000000000000000e+00 -3.050262036554944878e-01
1.000000000000000000e+00 3.177630509604035147e+00
1.000000000000000000e+00 2.858356634121401285e+00
1.000000000000000000e+00 5.891041015099958145e-01
1.000000000000000000e+00 8.399720548575468904e-01
1.000000000000000000e+00 2.210429112963476328e+00
1.000000000000000000e+00 3.126312968934067182e+00
1.000000000000000000e+00 5.423543725885802136e-01
1.000000000000000000e+00 -8.354224339246796305e-02
1.000000000000000000e+00 1.841966380882306353e+00
1.000000000000000000e+00 9.372339457566216669e-01
1.000000000000000000e+00 -2.684302525641160120e-01
1.000000000000000000e+00 1.088172422519714910e+00
1.000000000000000000e+00 1.508387063201446221e+00
1.000000000000000000e+00 1.268023743467687758e+00
1.000000000000000000e+00 -4.286208547352934328e-01
1.000000000000000000e+00 1.559004804113526710e+00
1.000000000000000000e+00 5.561264068321848386e-01
1.000000000000000000e+00 -2.969849301578979528e-01
1.000000000000000000e+00 1.920608509101666028e+00
2.000000000000000000e+00 1.263253973853298184e+00
2.000000000000000000e+00 3.354085635987814396e+00
2.000000000000000000e+00 8.423571821051369923e-01
2.000000000000000000e+00 9.490167773445185029e-01
2.000000000000000000e+00 1.330469689834654190e+00
2.000000000000000000e+00 1.245033260832544730e+00
2.000000000000000000e+00 2.596788959501408200e-01
2.000000000000000000e+00 1.523859682463324816e+00
2.000000000000000000e+00 1.861763599262433733e+00
2.000000000000000000e+00 -2.487456687540594569e-01
2.000000000000000000e+00 8.497210617781747466e-01
2.000000000000000000e+00 3.771938611200920111e-01
2.000000000000000000e+00 8.474909612948802184e-01
2.000000000000000000e+00 4.948085571369928992e-01
2.000000000000000000e+00 3.014524433524161662e+00
2.000000000000000000e+00 -5.879889980980395059e-01
2.000000000000000000e+00 1.804522258928015876e+00
2.000000000000000000e+00 1.002400346744304560e+00
2.000000000000000000e+00 1.942050648496810084e+00
2.000000000000000000e+00 -4.984053096268592498e-03
2.000000000000000000e+00 -4.830146144419558141e-01
2.000000000000000000e+00 -4.656820202631350991e-01
2.000000000000000000e+00 5.728301959533148580e-01
2.000000000000000000e+00 6.403635125609798973e-01
2.000000000000000000e+00 1.534689726695596113e+00
2.000000000000000000e+00 -6.906464646296690546e-01
2.000000000000000000e+00 -3.247827984737956530e-01
2.000000000000000000e+00 2.916393068878201156e+00
2.000000000000000000e+00 9.340949440522847702e-01
2.000000000000000000e+00 1.206536917943226150e-01
2.000000000000000000e+00 -6.394654094488827489e-01
2.000000000000000000e+00 -7.246792293468193868e-01
2.000000000000000000e+00 1.934688846557896191e+00
2.000000000000000000e+00 1.121706864154264460e+00
2.000000000000000000e+00 1.162214207612178196e+00
2.000000000000000000e+00 7.827115799017632103e-01
2.000000000000000000e+00 1.320439793315862698e+00
2.000000000000000000e+00 3.548596440115640016e-01
2.000000000000000000e+00 8.908141008241352576e-01
2.000000000000000000e+00 4.504862249640925187e-01
2.000000000000000000e+00 1.807235129388820472e+00
2.000000000000000000e+00 1.243103024096483322e+00
2.000000000000000000e+00 2.184301265300821360e+00
2.000000000000000000e+00 1.291332208231697587e+00
2.000000000000000000e+00 -4.624730349153918230e-01
2.000000000000000000e+00 2.360026845516665084e-01
2.000000000000000000e+00 1.226235083723235419e+00
2.000000000000000000e+00 -4.919492364474455925e-01
2.000000000000000000e+00 8.961835359292203984e-01
2.000000000000000000e+00 1.590884886012801314e+00
2.000000000000000000e+00 2.666288635588344169e-01
2.000000000000000000e+00 1.629854878359702663e+00
2.000000000000000000e+00 1.925941304122634534e+00
2.000000000000000000e+00 -5.715749788732471526e-01
2.000000000000000000e+00 8.190340037398752271e-01
2.000000000000000000e+00 5.491265941222979174e-01
2.000000000000000000e+00 9.953884254094380601e-03
2.000000000000000000e+00 -6.495604041325304667e-01
2.000000000000000000e+00 5.646426584040800112e-01
2.000000000000000000e+00 4.737592293708325908e-01
2.000000000000000000e+00 1.768873441471334296e+00
2.000000000000000000e+00 8.348502403183050147e-01
2.000000000000000000e+00 6.462172345448445876e-01
2.000000000000000000e+00 -7.195988664721715278e-01
2.000000000000000000e+00 1.908110884739051105e+00
2.000000000000000000e+00 -1.073201890985957085e+00
2.000000000000000000e+00 6.204066906868495046e-01
2.000000000000000000e+00 3.219363809312687952e+00
2.000000000000000000e+00 2.379340032434469343e+00
2.000000000000000000e+00 8.855443305572244794e-01
2.000000000000000000e+00 1.360298289420887929e+00
2.000000000000000000e+00 8.578726340736608780e-02
2.000000000000000000e+00 1.136624493980381345e+00
2.000000000000000000e+00 -7.708037390259971922e-01
2.000000000000000000e+00 2.068259590099600143e+00
2.000000000000000000e+00 1.248847487047648253e+00
2.000000000000000000e+00 -9.181609562489945198e-01
2.000000000000000000e+00 4.726006995967055868e-01
2.000000000000000000e+00 9.046059012006870681e-01
2.000000000000000000e+00 1.836865393068077168e+00
2.000000000000000000e+00 1.186938910729188779e+00
2.000000000000000000e+00 2.683201427233997904e+00
2.000000000000000000e+00 2.119964913299840603e+00
2.000000000000000000e+00 7.681494072151133778e-01
2.000000000000000000e+00 -4.527177358318914546e-01
2.000000000000000000e+00 1.995933839467138871e+00
2.000000000000000000e+00 1.494358984158782322e+00
2.000000000000000000e+00 5.640545134527490401e-01
2.000000000000000000e+00 1.572703993629216646e+00
2.000000000000000000e+00 1.059644776109766040e+00
2.000000000000000000e+00 1.807515142743435943e+00
2.000000000000000000e+00 -3.430873505611242713e-02
2.000000000000000000e+00 2.966560473743110826e+00
2.000000000000000000e+00 1.420825271188679295e+00
2.000000000000000000e+00 2.967819517662813045e-01
2.000000000000000000e+00 2.214220555401500867e+00
2.000000000000000000e+00 1.068889976187839874e+00
2.000000000000000000e+00 2.276618920929926126e+00
2.000000000000000000e+00 -1.683366559346060054e-01
2.000000000000000000e+00 3.969148066686905008e-01
3.000000000000000000e+00 1.390370130014692451e+00
3.000000000000000000e+00 2.617567021321620224e+00
3.000000000000000000e+00 9.508065238724136004e-01
3.000000000000000000e+00 6.244313021686015430e-01
3.000000000000000000e+00 -1.696487272813769653e+00
3.000000000000000000e+00 3.303026167967215709e-01
3.000000000000000000e+00 2.224314516515679685e+00
3.000000000000000000e+00 1.361566744495861681e+00
3.000000000000000000e+00 -5.045991357274204336e-01
3.000000000000000000e+00 -4.979465035778232185e-01
3.000000000000000000e+00 8.990231004369236834e-01
3.000000000000000000e+00 6.632902510860293477e-01
3.000000000000000000e+00 1.341705057835206327e+00
3.000000000000000000e+00 1.639455730436681025e+00
3.000000000000000000e+00 6.779042709696470048e-01
3.000000000000000000e+00 1.675402907073668679e-01
3.000000000000000000e+00 5.821894094041961676e-01
3.000000000000000000e+00 5.024154726210494637e-01
3.000000000000000000e+00 1.143861098422782385e+00
3.000000000000000000e+00 1.891251937887111989e+00
3.000000000000000000e+00 8.227525359442693365e-01
3.000000000000000000e+00 5.332428660412948940e-01
3.000000000000000000e+00 1.624322103655487126e+00
3.000000000000000000e+00 2.987797311287992974e-01
3.000000000000000000e+00 3.053956750169210643e+00
3.000000000000000000e+00 5.244001606528143622e-01
3.000000000000000000e+00 -2.762647722156714725e-01
3.000000000000000000e+00 -5.065567039638527724e-01
3.000000000000000000e+00 -3.344645982776903725e-01
3.000000000000000000e+00 4.260880445873252986e-01
3.000000000000000000e+00 1.555604349594097213e+00
3.000000000000000000e+00 3.728648674560173681e+00
3.000000000000000000e+00 1.467907434615612461e+00
3.000000000000000000e+00 8.498697782139001955e-01
3.000000000000000000e+00 1.852499364350627786e+00
3.000000000000000000e+00 3.328822980644255303e+00
3.000000000000000000e+00 2.146793547300507754e+00
3.000000000000000000e+00 1.514882992599940748e+00
3.000000000000000000e+00 -1.179518146677982937e+00
3.000000000000000000e+00 3.925138307333862819e+00
3.000000000000000000e+00 7.639693595262169179e-01
3.000000000000000000e+00 -1.883285134339081068e-01
3.000000000000000000e+00 4.747608469715997037e-01
3.000000000000000000e+00 -1.032091239963659035e+00
3.000000000000000000e+00 -5.072041730987846275e-01
3.000000000000000000e+00 9.931879378363503985e-01
3.000000000000000000e+00 1.541987307049631939e+00
3.000000000000000000e+00 1.066945680626876225e+00
3.000000000000000000e+00 4.130923747045242012e-01
3.000000000000000000e+00 1.561304228449559961e+00
3.000000000000000000e+00 2.069966109129586229e+00
3.000000000000000000e+00 2.030306922627355792e+00
3.000000000000000000e+00 1.557140446956739810e+00
3.000000000000000000e+00 2.246387667647921083e-01
3.000000000000000000e+00 1.855797428751011502e+00
3.000000000000000000e+00 2.243889485616493040e+00
3.000000000000000000e+00 -4.801286358573797486e-03
3.000000000000000000e+00 1.078661666737756875e+00
3.000000000000000000e+00 -4.147006435206979091e-02
3.000000000000000000e+00 1.016897806294326800e+00
3.000000000000000000e+00 1.586072681979576737e-01
3.000000000000000000e+00 1.363173232394868650e+00
3.000000000000000000e+00 -5.202105249805619724e-01
3.000000000000000000e+00 2.039419028369052533e+00
3.000000000000000000e+00 4.140922956382796505e-01
3.000000000000000000e+00 6.562951831727787955e-01
3.000000000000000000e+00 2.424716897312522601e+00
3.000000000000000000e+00 9.736682476366098626e-01
3.000000000000000000e+00 2.349666701661005774e+00
3.000000000000000000e+00 2.608572089289668217e+00
3.000000000000000000e+00 6.012828050632621490e-01
3.000000000000000000e+00 2.121539513509582697e+00
3.000000000000000000e+00 1.636559499558960740e+00
3.000000000000000000e+00 2.332966467712656922e+00
3.000000000000000000e+00 1.019821957816455571e+00
3.000000000000000000e+00 1.273317880205180330e+00
3.000000000000000000e+00 -3.071198566008979114e-01
3.000000000000000000e+00 4.716850972191274360e-01
3.000000000000000000e+00 1.190532358205624863e-01
3.000000000000000000e+00 2.367566100416306440e+00
3.000000000000000000e+00 1.799766327230787555e+00
3.000000000000000000e+00 2.907970862785498323e-01
3.000000000000000000e+00 -3.283010472157066317e-02
3.000000000000000000e+00 6.153828319370076017e-01
3.000000000000000000e+00 8.456887589468946587e-01
3.000000000000000000e+00 -1.697314191234501557e+00
3.000000000000000000e+00 1.518095456578139935e+00
3.000000000000000000e+00 1.742245164794468337e+00
3.000000000000000000e+00 1.574317350446623243e+00
3.000000000000000000e+00 1.694380676696716659e+00
3.000000000000000000e+00 -1.928182799071676001e-01
3.000000000000000000e+00 3.127832591703130216e+00
3.000000000000000000e+00 9.089592032622214601e-01
3.000000000000000000e+00 1.594590237381832143e+00
3.000000000000000000e+00 1.159660589904774719e+00
3.000000000000000000e+00 9.023894652755569679e-01
3.000000000000000000e+00 1.850303699632755983e+00
3.000000000000000000e+00 -7.921512141875135526e-01
3.000000000000000000e+00 -6.258283948535923180e-01
3.000000000000000000e+00 2.071243121727111891e+00
4.000000000000000000e+00 4.238046428019021095e-01
4.000000000000000000e+00 1.680210094081645789e+00
4.000000000000000000e+00 7.892168539006693129e-01
4.000000000000000000e+00 1.553999970426290567e+00
4.000000000000000000e+00 3.674170486996136686e-01
4.000000000000000000e+00 -1.205047021006180774e+00
4.000000000000000000e+00 1.268326893219005713e+00
4.000000000000000000e+00 -2.829238940612264219e-01
4.000000000000000000e+00 9.518957656328250749e-01
4.000000000000000000e+00 1.836226114553593192e+00
4.000000000000000000e+00 7.181020400175934792e-01
4.000000000000000000e+00 1.900694517320134391e+00
4.000000000000000000e+00 1.691743842103085704e+00
4.000000000000000000e+00 2.657982441432348075e+00
4.000000000000000000e+00 8.919811819602672109e-01
4.000000000000000000e+00 1.987718476501993514e+00
4.000000000000000000e+00 1.629043752226183805e+00
4.000000000000000000e+00 1.884621249104001084e+00
4.000000000000000000e+00 2.102131079313351414e+00
4.000000000000000000e+00 1.002837215903017221e+00
4.000000000000000000e+00 1.282921052535889173e+00
4.000000000000000000e+00 -1.239762947066744836e-01
4.000000000000000000e+00 1.949876616515263450e+00
4.000000000000000000e+00 1.928611910150985320e+00
4.000000000000000000e+00 1.243872102273923863e+00
4.000000000000000000e+00 9.441127575520618098e-01
4.000000000000000000e+00 1.603732763785549409e+00
4.000000000000000000e+00 2.133033852219861082e-01
4.000000000000000000e+00 1.086006818223950177e-02
4.000000000000000000e+00 -3.438052663254211883e-01
4.000000000000000000e+00 -1.344770456433068695e-01
4.000000000000000000e+00 1.384546560613314048e+00
4.000000000000000000e+00 1.839472056874702499e+00
4.000000000000000000e+00 1.981377002842197310e+00
4.000000000000000000e+00 1.379738031388684671e+00
4.000000000000000000e+00 -5.932766223365111280e-01
4.000000000000000000e+00 1.713833068441665608e+00
4.000000000000000000e+00 2.923552328246844745e+00
4.000000000000000000e+00 5.619593384479215636e-01
4.000000000000000000e+00 2.473454773343914503e+00
4.000000000000000000e+00 2.574017118096169066e-01
4.000000000000000000e+00 6.023781278844737574e-01
4.000000000000000000e+00 2.397287791934545886e+00
4.000000000000000000e+00 6.474719702512927721e-01
4.000000000000000000e+00 3.900745700873040622e-01
4.000000000000000000e+00 1.669921147082276125e-02
4.000000000000000000e+00 1.812389214589692266e+00
4.000000000000000000e+00 1.028558602102261466e+00
4.000000000000000000e+00 1.092749757523935994e+00
4.000000000000000000e+00 2.256599212376366737e+00
4.000000000000000000e+00 6.376267518713545357e-01
4.000000000000000000e+00 9.000327133329000251e-02
4.000000000000000000e+00 1.003665903455715158e+00
4.000000000000000000e+00 1.163828722101046598e+00
4.000000000000000000e+00 9.036977056004367181e-01
4.000000000000000000e+00 2.274240108011661654e+00
4.000000000000000000e+00 1.948025381744148632e+00
4.000000000000000000e+00 2.533622357793417823e+00
4.000000000000000000e+00 1.025792101798448819e+00
4.000000000000000000e+00 4.306936981287978750e-01
4.000000000000000000e+00 2.263068788229689599e-01
4.000000000000000000e+00 9.627298019788868011e-01
4.000000000000000000e+00 3.628075528889125323e-01
4.000000000000000000e+00 7.971213577615938739e-01
4.000000000000000000e+00 -7.657810822432264963e-02
4.000000000000000000e+00 1.505680192215474111e+00
4.000000000000000000e+00 4.591391860153066773e-01
4.000000000000000000e+00 1.773016412906163630e+00
4.000000000000000000e+00 -3.473300075601168935e-01
4.000000000000000000e+00 9.367064063531574947e-01
4.000000000000000000e+00 5.354587429072126259e-01
4.000000000000000000e+00 8.351312617518518167e-01
4.000000000000000000e+00 3.290244597423121142e+00
4.000000000000000000e+00 -1.790546216904520538e+00
4.000000000000000000e+00 1.733329441608135291e+00
4.000000000000000000e+00 -1.277221239580828005e-02
4.000000000000000000e+00 1.969477244177030961e+00
4.000000000000000000e+00 1.406928446166191726e+00
4.000000000000000000e+00 6.472686041582514926e-01
4.000000000000000000e+00 2.681030490689786827e+00
4.000000000000000000e+00 -3.392345872439275212e-01
4.000000000000000000e+00 2.664830554936175044e+00
4.000000000000000000e+00 1.161010849640120801e+00
4.000000000000000000e+00 9.547753615121750137e-01
4.000000000000000000e+00 1.861231165539260157e+00
4.000000000000000000e+00 5.224943077356944965e-01
4.000000000000000000e+00 6.414645280039674713e-01
4.000000000000000000e+00 2.477830701406423142e+00
4.000000000000000000e+00 2.591995529342181470e+00
4.000000000000000000e+00 1.374541843998347446e+00
4.000000000000000000e+00 1.324165563372540877e+00
4.000000000000000000e+00 8.112828303526732343e-01
4.000000000000000000e+00 8.647969430653577039e-01
4.000000000000000000e+00 1.471501947738207416e+00
4.000000000000000000e+00 8.977298899088737016e-01
4.000000000000000000e+00 1.145185576533005456e+00
4.000000000000000000e+00 2.193224490093838241e+00
4.000000000000000000e+00 5.075139011254435895e-01
4.000000000000000000e+00 1.299582547555493406e+00
4.000000000000000000e+00 2.119565325686227020e+00
5.000000000000000000e+00 1.630128867294287298e+00
5.000000000000000000e+00 5.724189325398485462e-01
5.000000000000000000e+00 2.886810386221639879e-01
5.000000000000000000e+00 1.217664472507895335e+00
5.000000000000000000e+00 7.148751584770824952e-01
5.000000000000000000e+00 1.901288530140190280e+00
5.000000000000000000e+00 1.332719728828335004e+00
5.000000000000000000e+00 -1.693245563361929218e-01
5.000000000000000000e+00 9.504651057230029121e-01
5.000000000000000000e+00 1.768433610068730788e+00
5.000000000000000000e+00 -1.848705447761600507e-01
5.000000000000000000e+00 -3.462388347707201497e-02
5.000000000000000000e+00 2.086351713027053911e+00
5.000000000000000000e+00 1.304149971620736981e+00
5.000000000000000000e+00 3.139288204994312714e+00
5.000000000000000000e+00 1.943169990250719126e+00
5.000000000000000000e+00 9.315971836573022635e-01
5.000000000000000000e+00 2.615354953967375273e+00
5.000000000000000000e+00 7.976811720082319646e-01
5.000000000000000000e+00 1.401197503302643810e+00
5.000000000000000000e+00 1.298472797543576807e+00
5.000000000000000000e+00 3.176572590414576958e-01
5.000000000000000000e+00 8.085536861744668791e-01
5.000000000000000000e+00 8.072799566365511659e-01
5.000000000000000000e+00 1.800776160545520144e+00
5.000000000000000000e+00 4.808022888174030562e-01
5.000000000000000000e+00 1.768150234882413185e+00
5.000000000000000000e+00 3.473641825372909553e-01
5.000000000000000000e+00 3.306051184687015532e-01
5.000000000000000000e+00 -4.680835043795161798e-01
5.000000000000000000e+00 8.058012909732287232e-01
5.000000000000000000e+00 4.448293874060162967e-01
5.000000000000000000e+00 1.375228729077777379e+00
5.000000000000000000e+00 8.127705926632342592e-01
5.000000000000000000e+00 2.002059468035578327e+00
5.000000000000000000e+00 6.331939456483742790e-01
5.000000000000000000e+00 5.445910223875995992e-01
5.000000000000000000e+00 1.795615821958332914e+00
5.000000000000000000e+00 1.647846937667976075e+00
5.000000000000000000e+00 1.561814183537061140e+00
5.000000000000000000e+00 4.655107080153489951e-01
5.000000000000000000e+00 4.977463087188734869e-01
5.000000000000000000e+00 5.258090708741937069e-01
5.000000000000000000e+00 -1.249216743113782169e+00
5.000000000000000000e+00 1.455348219742431892e+00
5.000000000000000000e+00 -1.406712806218641809e-01
5.000000000000000000e+00 -9.979182145965359574e-01
5.000000000000000000e+00 3.465783503389958664e-01
5.000000000000000000e+00 6.138201444113533523e-01
5.000000000000000000e+00 2.180854585731903938e+00
5.000000000000000000e+00 3.030579464098897446e+00
5.000000000000000000e+00 1.033291942171544964e+00
5.000000000000000000e+00 1.884891828651332313e+00
5.000000000000000000e+00 2.299198888104497129e+00
5.000000000000000000e+00 -4.819876951432444656e-02
5.000000000000000000e+00 4.652186721592075358e-01
5.000000000000000000e+00 1.600548312391241623e+00
5.000000000000000000e+00 7.443662822109871069e-01
5.000000000000000000e+00 1.615081729808469646e+00
5.000000000000000000e+00 1.619542601769766721e-01
5.000000000000000000e+00 2.292314675268431579e+00
5.000000000000000000e+00 1.378355219326027559e+00
5.000000000000000000e+00 -4.384720006642819357e-01
5.000000000000000000e+00 6.432323495362664012e-01
5.000000000000000000e+00 1.759844351374136862e-01
5.000000000000000000e+00 -1.822219313942935681e+00
5.000000000000000000e+00 1.014960787635635464e+00
5.000000000000000000e+00 9.224095465839620145e-01
5.000000000000000000e+00 2.203962363601917218e+00
5.000000000000000000e+00 1.559330948191183452e+00
5.000000000000000000e+00 1.129292529355769847e+00
5.000000000000000000e+00 1.629497884674008468e+00
5.000000000000000000e+00 2.253861824501651956e+00
5.000000000000000000e+00 1.039642199572849313e+00
5.000000000000000000e+00 4.072713316638997272e-01
5.000000000000000000e+00 -7.383467317133207697e-01
5.000000000000000000e+00 -5.263033370026442004e-01
5.000000000000000000e+00 1.487865826751830989e+00
5.000000000000000000e+00 1.508437393652191094e+00
5.000000000000000000e+00 3.237714961440126826e-01
5.000000000000000000e+00 1.159325909018260381e+00
5.000000000000000000e+00 1.826231550448487173e-01
5.000000000000000000e+00 2.278123576883582579e+00
5.000000000000000000e+00 1.441911206395367628e-01
5.000000000000000000e+00 1.417328617302724414e+00
5.000000000000000000e+00 2.748002876111931947e+00
5.000000000000000000e+00 1.633771551270437161e+00
5.000000000000000000e+00 -2.417202206179416279e-01
5.000000000000000000e+00 1.728112847631210869e+00
5.000000000000000000e+00 1.182270495182299541e+00
5.000000000000000000e+00 2.816484449222966813e-02
5.000000000000000000e+00 4.072649439582148867e-01
5.000000000000000000e+00 2.101773856870975621e+00
5.000000000000000000e+00 2.565757112877187218e-01
5.000000000000000000e+00 7.967946153971394718e-01
5.000000000000000000e+00 1.871938781618190717e+00
5.000000000000000000e+00 -1.192682135354872219e-01
5.000000000000000000e+00 2.693368692232499306e+00
5.000000000000000000e+00 2.134672605931869693e+00
5.000000000000000000e+00 2.758904117507735565e-01
6.000000000000000000e+00 -4.505335596134236731e-01
6.000000000000000000e+00 1.146324014584219508e+00
6.000000000000000000e+00 3.051672003634143149e+00
6.000000000000000000e+00 1.310556102348337415e+00
6.000000000000000000e+00 2.812376683062911553e+00
6.000000000000000000e+00 6.260821641484166644e-01
6.000000000000000000e+00 1.784104576368028772e+00
6.000000000000000000e+00 2.727963855601422516e+00
6.000000000000000000e+00 6.743530198247247309e-01
6.000000000000000000e+00 1.959552057202772479e+00
6.000000000000000000e+00 1.536686907164958038e-01
6.000000000000000000e+00 3.307672403835471009e-01
6.000000000000000000e+00 1.002952539335383975e+00
6.000000000000000000e+00 -5.739994595814086331e-01
6.000000000000000000e+00 -1.087703260753155821e+00
6.000000000000000000e+00 -6.681504837976715017e-02
6.000000000000000000e+00 2.718441282032120210e-01
6.000000000000000000e+00 -2.119805450117682177e-01
6.000000000000000000e+00 1.695533985111790765e+00
6.000000000000000000e+00 1.733172111268983961e+00
6.000000000000000000e+00 7.903866573120070793e-01
6.000000000000000000e+00 2.644239874079889141e+00
6.000000000000000000e+00 1.994728046442192149e+00
6.000000000000000000e+00 1.345877259572910489e+00
6.000000000000000000e+00 -1.112009886543450232e-01
6.000000000000000000e+00 1.417667274442816483e+00
6.000000000000000000e+00 1.173633863781250675e+00
6.000000000000000000e+00 -5.297799722402096734e-01
6.000000000000000000e+00 6.391034858271693597e-01
6.000000000000000000e+00 3.410184888835454675e-02
6.000000000000000000e+00 1.955017644112549746e+00
6.000000000000000000e+00 1.649926083094134910e+00
6.000000000000000000e+00 -3.694687210410307898e-01
6.000000000000000000e+00 1.700832645543243427e+00
6.000000000000000000e+00 1.452996920447806595e+00
6.000000000000000000e+00 8.180889957138286483e-01
6.000000000000000000e+00 2.077528182299932524e+00
6.000000000000000000e+00 1.254067547653956893e+00
6.000000000000000000e+00 8.066490090546438729e-01
6.000000000000000000e+00 7.899967806960411787e-01
6.000000000000000000e+00 9.468485266236995601e-01
6.000000000000000000e+00 1.219741699347637987e+00
6.000000000000000000e+00 2.041235463500804315e+00
6.000000000000000000e+00 2.327119190936971727e+00
6.000000000000000000e+00 2.098829052180413157e+00
6.000000000000000000e+00 7.588532891486983178e-01
6.000000000000000000e+00 2.800909001247064545e+00
6.000000000000000000e+00 1.050371999925583610e+00
6.000000000000000000e+00 1.821719500424261451e+00
6.000000000000000000e+00 3.986874405948389599e-01
6.000000000000000000e+00 5.021160236404533794e-01
6.000000000000000000e+00 2.573807999425785198e+00
6.000000000000000000e+00 1.337262573630265905e+00
6.000000000000000000e+00 -1.288333619109865325e+00
6.000000000000000000e+00 4.472887348408461916e-01
6.000000000000000000e+00 -2.274477245636927769e-01
6.000000000000000000e+00 2.253798563135410049e+00
6.000000000000000000e+00 -8.077619663002215677e-01
6.000000000000000000e+00 7.705360908945282361e-01
6.000000000000000000e+00 1.301192789856490784e+00
6.000000000000000000e+00 1.509121454063061529e-01
6.000000000000000000e+00 8.581985361934862944e-01
6.000000000000000000e+00 3.416353770328362849e+00
6.000000000000000000e+00 1.941546857787161962e+00
6.000000000000000000e+00 2.003071787876455012e+00
6.000000000000000000e+00 2.465816820277200616e+00
6.000000000000000000e+00 1.112616981668771876e+00
6.000000000000000000e+00 9.023204370406608943e-01
6.000000000000000000e+00 1.259669834162903124e+00
6.000000000000000000e+00 9.935295320148213039e-01
6.000000000000000000e+00 1.658053360457818037e+00
6.000000000000000000e+00 3.866323113147008828e-01
6.000000000000000000e+00 1.473587444320306084e+00
6.000000000000000000e+00 3.667249521452035088e-01
6.000000000000000000e+00 6.451773360380372857e-01
6.000000000000000000e+00 1.914970707798595573e+00
6.000000000000000000e+00 2.512741679972394060e+00
6.000000000000000000e+00 3.749399346740562855e-01
6.000000000000000000e+00 1.338054938208759648e+00
6.000000000000000000e+00 3.845262914812487276e-01
6.000000000000000000e+00 1.077561783396167705e+00
6.000000000000000000e+00 2.155327630421491891e-01
6.000000000000000000e+00 3.080260124358370488e-01
6.000000000000000000e+00 1.132528353080211936e+00
6.000000000000000000e+00 6.695216869079390065e-01
6.000000000000000000e+00 1.011748683467816878e+00
6.000000000000000000e+00 2.419105678965711270e+00
6.000000000000000000e+00 8.864820286863533960e-01
6.000000000000000000e+00 6.917417696879171185e-01
6.000000000000000000e+00 -6.097367946786502735e-01
6.000000000000000000e+00 -6.704970729851009725e-01
6.000000000000000000e+00 3.522617041627028600e-01
6.000000000000000000e+00 4.222794285485333976e-01
6.000000000000000000e+00 -5.425619907404999331e-02
6.000000000000000000e+00 -1.511321418864031152e-02
6.000000000000000000e+00 2.732993792897069341e-01
6.000000000000000000e+00 2.533103635438366030e+00
6.000000000000000000e+00 1.394485697054840712e+00
6.000000000000000000e+00 2.455689345459548534e-01
6.000000000000000000e+00 2.609724060391828360e+00
7.000000000000000000e+00 1.126814038790008743e+00
7.000000000000000000e+00 1.239051601176821560e+00
7.000000000000000000e+00 7.891016168157730659e-01
7.000000000000000000e+00 -5.251173252495786592e-01
7.000000000000000000e+00 2.459183508920364858e+00
7.000000000000000000e+00 2.418915207392910993e-01
7.000000000000000000e+00 -6.908624998588708266e-02
7.000000000000000000e+00 1.160538634600331243e+00
7.000000000000000000e+00 2.210565893993656772e-01
7.000000000000000000e+00 1.692227844769526701e+00
7.000000000000000000e+00 1.138187210476136579e+00
7.000000000000000000e+00 2.420240248298379804e+00
7.000000000000000000e+00 3.167724945205575349e+00
7.000000000000000000e+00 7.142001557668982148e-01
7.000000000000000000e+00 2.616809075068633028e+00
7.000000000000000000e+00 1.822404058423439333e+00
7.000000000000000000e+00 8.520789950809521951e-01
7.000000000000000000e+00 4.656255059280174358e-01
7.000000000000000000e+00 -7.186273930642539387e-01
7.000000000000000000e+00 2.715173304914855201e-01
7.000000000000000000e+00 9.371506238785964893e-01
7.000000000000000000e+00 1.946915370764444653e+00
7.000000000000000000e+00 2.023100934584288524e+00
7.000000000000000000e+00 2.764384734353835249e-01
7.000000000000000000e+00 1.269401944167804830e+00
7.000000000000000000e+00 1.709967990208978161e-01
7.000000000000000000e+00 -6.086014740144647384e-01
7.000000000000000000e+00 1.211167262321765303e+00
7.000000000000000000e+00 -3.256224863989225504e-01
7.000000000000000000e+00 1.285769428628754874e+00
7.000000000000000000e+00 8.770129638687321760e-01
7.000000000000000000e+00 3.019717745541894427e+00
7.000000000000000000e+00 6.871640571395678521e-01
7.000000000000000000e+00 1.847599621877138443e-01
7.000000000000000000e+00 1.454409221651781881e+00
7.000000000000000000e+00 1.051975225642548084e+00
7.000000000000000000e+00 6.611151572435564061e-01
7.000000000000000000e+00 3.146963944160275917e-01
7.000000000000000000e+00 2.209685331877532022e+00
7.000000000000000000e+00 1.274093627149794017e+00
7.000000000000000000e+00 1.357435365067466204e+00
7.000000000000000000e+00 1.172576606339470473e+00
7.000000000000000000e+00 1.869991546620328515e+00
7.000000000000000000e+00 1.106793933649372175e+00
7.000000000000000000e+00 1.185207361711336116e+00
7.000000000000000000e+00 5.710532595868793582e-01
7.000000000000000000e+00 -3.368378739667565736e-01
7.000000000000000000e+00 -1.363581364845982691e+00
7.000000000000000000e+00 6.906085986488501582e-01
7.000000000000000000e+00 2.633434910330549439e+00
7.000000000000000000e+00 4.679807080275477649e-01
7.000000000000000000e+00 8.959099599238715683e-01
7.000000000000000000e+00 9.469227411662561877e-01
7.000000000000000000e+00 1.080553690226257357e+00
7.000000000000000000e+00 1.339151292302390939e+00
7.000000000000000000e+00 1.424925013974818189e+00
7.000000000000000000e+00 -2.101049228853406614e-01
7.000000000000000000e+00 5.951845122142457312e-01
7.000000000000000000e+00 3.779749397410554490e-01
7.000000000000000000e+00 6.497216420810825177e-01
7.000000000000000000e+00 1.249753880435384934e+00
7.000000000000000000e+00 1.364847670873406971e+00
7.000000000000000000e+00 5.104689301053663142e-01
7.000000000000000000e+00 1.675512719744662871e+00
7.000000000000000000e+00 -1.143067410254114957e+00
7.000000000000000000e+00 1.361803248084517692e-01
7.000000000000000000e+00 -1.782519760182772472e-01
7.000000000000000000e+00 -1.389342966072315555e+00
7.000000000000000000e+00 1.432532249553079007e-01
7.000000000000000000e+00 2.845883934846000773e+00
7.000000000000000000e+00 1.620963927387668146e+00
7.000000000000000000e+00 7.178080395757919785e-01
7.000000000000000000e+00 2.743951858766040530e+00
7.000000000000000000e+00 8.721501180564762423e-01
7.000000000000000000e+00 4.281193960342499771e-01
7.000000000000000000e+00 1.499783694447289095e+00
7.000000000000000000e+00 2.310786495929971984e+00
7.000000000000000000e+00 1.955083065950101062e+00
7.000000000000000000e+00 1.063837275966456275e+00
7.000000000000000000e+00 4.019335170568658633e-01
7.000000000000000000e+00 8.819644974894975675e-01
7.000000000000000000e+00 1.315521209898013133e+00
7.000000000000000000e+00 5.033989781779597550e-01
7.000000000000000000e+00 5.333045162658434091e-02
7.000000000000000000e+00 -6.309750988235105496e-01
7.000000000000000000e+00 -4.128989760866628167e-01
7.000000000000000000e+00 -2.960233757938397492e-01
7.000000000000000000e+00 2.422076605393117532e+00
7.000000000000000000e+00 1.310646175862821838e-01
7.000000000000000000e+00 1.471911268099714176e+00
7.000000000000000000e+00 1.428136430056723416e+00
7.000000000000000000e+00 2.892019302302986539e+00
7.000000000000000000e+00 1.874036081397976172e+00
7.000000000000000000e+00 1.045088842706766830e+00
7.000000000000000000e+00 2.181431681021689384e-01
7.000000000000000000e+00 6.717456730829820533e-01
7.000000000000000000e+00 2.441251916083794882e+00
7.000000000000000000e+00 -9.193475773371069248e-01
7.000000000000000000e+00 4.841214902007023868e-01
7.000000000000000000e+00 2.873050074384040364e+00
8.000000000000000000e+00 -1.131790661743766080e+00
8.000000000000000000e+00 8.703175506505866910e-02
8.000000000000000000e+00 1.010805220267821714e+00
8.000000000000000000e+00 1.455012985015162519e+00
8.000000000000000000e+00 2.802322496805926377e+00
8.000000000000000000e+00 5.676492273503670472e-01
8.000000000000000000e+00 1.689516963589064336e+00
8.000000000000000000e+00 1.501416623389818294e+00
8.000000000000000000e+00 1.394760939393985710e+00
8.000000000000000000e+00 1.626091343110483312e+00
8.000000000000000000e+00 -1.740402287638451728e-01
8.000000000000000000e+00 1.552594254590506040e+00
8.000000000000000000e+00 2.856563683734549830e-01
8.000000000000000000e+00 1.448049709277417385e+00
8.000000000000000000e+00 -8.807911191099215831e-01
8.000000000000000000e+00 1.611866865185944686e+00
8.000000000000000000e+00 2.675469870348796686e-01
8.000000000000000000e+00 1.233632207353151600e+00
8.000000000000000000e+00 9.979634579920515502e-01
8.000000000000000000e+00 4.139607520436018318e-01
8.000000000000000000e+00 -4.920812222384807200e-02
8.000000000000000000e+00 1.884865887895858183e+00
8.000000000000000000e+00 8.800779304297977612e-01
8.000000000000000000e+00 1.542410769052857678e+00
8.000000000000000000e+00 2.110123850399820977e+00
8.000000000000000000e+00 8.238152115005530352e-01
8.000000000000000000e+00 7.157607483665517911e-02
8.000000000000000000e+00 -1.071092476087251555e+00
8.000000000000000000e+00 3.260879314637358251e-01
8.000000000000000000e+00 1.330709826485122704e+00
8.000000000000000000e+00 2.067158535547452658e+00
8.000000000000000000e+00 8.284411204416020080e-01
8.000000000000000000e+00 -5.175324905971354639e-01
8.000000000000000000e+00 1.218958955217873674e-01
8.000000000000000000e+00 1.936207692668046265e+00
8.000000000000000000e+00 1.486816096069974780e+00
8.000000000000000000e+00 1.141393056319647714e+00
8.000000000000000000e+00 -5.693856721203502946e-01
8.000000000000000000e+00 1.455367016028719096e+00
8.000000000000000000e+00 1.395903757059484773e+00
8.000000000000000000e+00 -9.889714243616554157e-02
8.000000000000000000e+00 1.184502045432031636e+00
8.000000000000000000e+00 1.681939950889057123e+00
8.000000000000000000e+00 1.768607986647262598e+00
8.000000000000000000e+00 8.394589739103559545e-01
8.000000000000000000e+00 2.462000430485601576e+00
8.000000000000000000e+00 7.663835989058029874e-01
8.000000000000000000e+00 5.993823652249885559e-01
8.000000000000000000e+00 -4.204620231288240806e-01
8.000000000000000000e+00 1.134723186512375026e+00
8.000000000000000000e+00 1.285629455523580988e+00
8.000000000000000000e+00 1.297385697207833033e+00
8.000000000000000000e+00 -3.179715402075133923e-02
8.000000000000000000e+00 2.276247764797425077e+00
8.000000000000000000e+00 1.949499925825958879e+00
8.000000000000000000e+00 1.649193451813152356e-01
8.000000000000000000e+00 -1.644412873031628752e-01
8.000000000000000000e+00 1.486523861608695096e+00
8.000000000000000000e+00 2.030904754343677787e+00
8.000000000000000000e+00 1.267569540922066640e+00
8.000000000000000000e+00 5.405372783363781020e-01
8.000000000000000000e+00 2.635285465605399224e+00
8.000000000000000000e+00 1.832537430342669360e+00
8.000000000000000000e+00 1.402654022490238628e+00
8.000000000000000000e+00 2.411174824728256283e+00
8.000000000000000000e+00 6.632062719293005948e-01
8.000000000000000000e+00 -2.058027523598693342e-01
8.000000000000000000e+00 -1.608968312675400192e+00
8.000000000000000000e+00 1.102787711858425279e+00
8.000000000000000000e+00 6.003502898918542385e-01
8.000000000000000000e+00 -1.192722984815608456e-02
8.000000000000000000e+00 2.234898199125459506e+00
8.000000000000000000e+00 1.576366244714196618e+00
8.000000000000000000e+00 1.884456859636284287e-01
8.000000000000000000e+00 2.223835210389885741e+00
8.000000000000000000e+00 1.476170739810324761e+00
8.000000000000000000e+00 7.311435707455167243e-01
8.000000000000000000e+00 1.887052729769566284e+00
8.000000000000000000e+00 7.736512525025897036e-01
8.000000000000000000e+00 2.510387544448114738e+00
8.000000000000000000e+00 2.757487483652799609e-01
8.000000000000000000e+00 3.943760260250301908e-01
8.000000000000000000e+00 2.120039848937899762e+00
8.000000000000000000e+00 2.140703462756087916e+00
8.000000000000000000e+00 1.240655409078702753e+00
8.000000000000000000e+00 -1.887343403662835595e-01
8.000000000000000000e+00 1.636278315822551122e+00
8.000000000000000000e+00 2.751475372309074352e+00
8.000000000000000000e+00 1.594935319808985952e+00
8.000000000000000000e+00 1.952537250220228726e-01
8.000000000000000000e+00 2.219529190981564426e+00
8.000000000000000000e+00 1.472170908156269498e-01
8.000000000000000000e+00 1.293766044833941642e+00
8.000000000000000000e+00 2.385099272896161082e+00
8.000000000000000000e+00 1.021292865102094272e+00
8.000000000000000000e+00 3.047228189421294919e-01
8.000000000000000000e+00 2.737777414027385170e+00
8.000000000000000000e+00 5.426290507983845268e-01
8.000000000000000000e+00 2.672344676011363163e+00
8.000000000000000000e+00 1.592766960097105278e+00
9.000000000000000000e+00 2.977697418679247754e+00
9.000000000000000000e+00 1.404239757212635054e+00
9.000000000000000000e+00 3.233705111523426101e-01
9.000000000000000000e+00 1.227503160802679183e+00
9.000000000000000000e+00 1.401283008380884931e+00
9.000000000000000000e+00 -1.188814087701632882e-01
9.000000000000000000e+00 8.699408006626980772e-01
9.000000000000000000e+00 -1.080102664263349332e-01
9.000000000000000000e+00 1.878277000576861422e+00
9.000000000000000000e+00 -5.841667810271449213e-01
9.000000000000000000e+00 -9.859073051895501649e-01
9.000000000000000000e+00 8.759270242642609450e-01
9.000000000000000000e+00 1.231652832025715183e+00
9.000000000000000000e+00 2.711698079913400505e+00
9.000000000000000000e+00 1.223103959903043769e+00
9.000000000000000000e+00 7.014647931109960766e-01
9.000000000000000000e+00 1.423746810447295230e+00
9.000000000000000000e+00 1.397542382304243880e+00
9.000000000000000000e+00 1.574240888115142623e+00
9.000000000000000000e+00 3.373460542928458095e-01
9.000000000000000000e+00 1.658322777880206988e+00
9.000000000000000000e+00 2.676990421375570861e+00
9.000000000000000000e+00 8.840667609451197118e-01
9.000000000000000000e+00 1.826302807892557389e+00
9.000000000000000000e+00 1.420719193722536522e+00
9.000000000000000000e+00 2.403388081679837640e+00
9.000000000000000000e+00 -8.192135215385916158e-01
9.000000000000000000e+00 -9.653827735189537407e-01
9.000000000000000000e+00 1.228481597571858819e+00
9.000000000000000000e+00 -3.538468001751835512e-01
9.000000000000000000e+00 1.459210006859098741e+00
9.000000000000000000e+00 1.386647310974432834e+00
9.000000000000000000e+00 1.957341863883269806e+00
9.000000000000000000e+00 1.704497998705423178e+00
9.000000000000000000e+00 1.176130551163555804e+00
9.000000000000000000e+00 6.372508176608248087e-01
9.000000000000000000e+00 1.517454022522667145e+00
9.000000000000000000e+00 2.999369042361799131e+00
9.000000000000000000e+00 -3.464538805373096331e-02
9.000000000000000000e+00 2.299511952734793141e+00
9.000000000000000000e+00 -4.915849251546826615e-01
9.000000000000000000e+00 5.917245098866334985e-01
9.000000000000000000e+00 2.129715974131702882e-01
9.000000000000000000e+00 2.170347341565828092e-01
9.000000000000000000e+00 1.471259434973433144e+00
9.000000000000000000e+00 1.123687738681696802e+00
9.000000000000000000e+00 -9.382805325843011079e-01
9.000000000000000000e+00 9.235209970330455764e-01
9.000000000000000000e+00 1.708563553912010757e+00
9.000000000000000000e+00 6.712459336461866766e-01
9.000000000000000000e+00 9.522367584728361756e-01
9.000000000000000000e+00 3.205687407313667414e+00
9.000000000000000000e+00 1.660364574401682169e+00
9.000000000000000000e+00 6.079443318153192610e-01
9.000000000000000000e+00 -1.562602247677233880e-01
9.000000000000000000e+00 -8.195694518416840602e-02
9.000000000000000000e+00 1.224906499428439766e+00
9.000000000000000000e+00 8.122714745397932035e-01
9.000000000000000000e+00 2.629171516645377960e+00
9.000000000000000000e+00 6.950226983365579425e-01
9.000000000000000000e+00 3.776300768543383590e-02
9.000000000000000000e+00 8.377276591623507018e-01
9.000000000000000000e+00 5.606858323912559117e-01
9.000000000000000000e+00 7.359456979486177497e-01
9.000000000000000000e+00 5.787095708807145078e-01
9.000000000000000000e+00 1.273774009770368698e+00
9.000000000000000000e+00 1.024278530468480941e-02
9.000000000000000000e+00 6.217210845191395441e-01
9.000000000000000000e+00 7.830901610500582422e-01
9.000000000000000000e+00 4.532737222371496788e-01
9.000000000000000000e+00 1.672551650171298920e+00
9.000000000000000000e+00 4.264665263675907481e-01
9.000000000000000000e+00 1.166662935601452400e+00
9.000000000000000000e+00 -4.788022586583282614e-01
9.000000000000000000e+00 5.511805768644286729e-01
9.000000000000000000e+00 9.274696483036570793e-01
9.000000000000000000e+00 1.743046439428383998e+00
9.000000000000000000e+00 3.893846030078715881e-01
9.000000000000000000e+00 1.300462391853747679e+00
9.000000000000000000e+00 8.684477261234621048e-01
9.000000000000000000e+00 9.243628585710261802e-01
9.000000000000000000e+00 -1.250919055912990352e+00
9.000000000000000000e+00 1.357257961343489860e+00
9.000000000000000000e+00 1.309757607601748752e+00
9.000000000000000000e+00 1.062633958863255401e+00
9.000000000000000000e+00 2.381998249617541141e+00
9.000000000000000000e+00 2.491557658923703400e+00
9.000000000000000000e+00 1.597798037416905181e+00
9.000000000000000000e+00 1.912286616684519380e+00
9.000000000000000000e+00 1.099873042918629862e+00
9.000000000000000000e+00 -7.585240908824728567e-01
9.000000000000000000e+00 2.460267452378426256e+00
9.000000000000000000e+00 2.783224231981308527e+00
9.000000000000000000e+00 7.951515825645103508e-01
9.000000000000000000e+00 7.031382784457056445e-01
9.000000000000000000e+00 1.191241251262670442e+00
9.000000000000000000e+00 2.034950612988381646e+00
9.000000000000000000e+00 2.323939927949325579e-01
9.000000000000000000e+00 4.659083317790149170e-01
9.000000000000000000e+00 1.162665235119096252e+00
1.000000000000000000e+01 2.293380576207228572e+00
1.000000000000000000e+01 2.234725225357559353e+00
1.000000000000000000e+01 1.776805885441377075e+00
1.000000000000000000e+01 1.230448783192789053e+00
1.000000000000000000e+01 -8.043614015300393216e-01
1.000000000000000000e+01 9.830237773109361532e-01
1.000000000000000000e+01 3.230348495961286925e+00
1.000000000000000000e+01 1.788347164538384382e+00
1.000000000000000000e+01 6.291587681150554445e-01
1.000000000000000000e+01 1.168648859001589768e+00
1.000000000000000000e+01 2.288402353096524955e+00
1.000000000000000000e+01 2.086710760670975606e+00
1.000000000000000000e+01 2.476840949889672849e+00
1.000000000000000000e+01 1.953727745849187514e+00
1.000000000000000000e+01 1.120871657440423164e+00
1.000000000000000000e+01 6.076888125590353962e-01
1.000000000000000000e+01 -7.937390628937270876e-01
1.000000000000000000e+01 1.421304749554588964e+00
1.000000000000000000e+01 2.114764546743666429e+00
1.000000000000000000e+01 4.495756679998842431e-01
1.000000000000000000e+01 2.131174089079244105e+00
1.000000000000000000e+01 -4.120058246620030840e-01
1.000000000000000000e+01 2.346448709399100441e+00
1.000000000000000000e+01 -2.288832964644174961e+00
1.000000000000000000e+01 1.408582982505943715e+00
1.000000000000000000e+01 -5.306235544457611475e-01
1.000000000000000000e+01 7.526153064494808254e-01
1.000000000000000000e+01 1.317994744927194262e+00
1.000000000000000000e+01 8.680083555300208698e-01
1.000000000000000000e+01 1.204420760234287124e+00
1.000000000000000000e+01 1.270388018640658423e+00
1.000000000000000000e+01 2.029996189794014860e+00
1.000000000000000000e+01 3.852693183879581929e-01
1.000000000000000000e+01 1.934320426866801057e+00
1.000000000000000000e+01 3.928647248711086837e-01
1.000000000000000000e+01 1.923033789498795443e+00
1.000000000000000000e+01 8.598825510769946279e-01
1.000000000000000000e+01 5.869362553392905024e-01
1.000000000000000000e+01 -4.777315591112631932e-01
1.000000000000000000e+01 1.907215209740412254e+00
1.000000000000000000e+01 6.697593427976937797e-01
1.000000000000000000e+01 5.492361140861852231e-01
1.000000000000000000e+01 1.328810768056471137e+00
1.000000000000000000e+01 5.577521460185483893e-01
1.000000000000000000e+01 1.538728550289539809e+00
1.000000000000000000e+01 1.536307422434858294e+00
1.000000000000000000e+01 9.100854032587359921e-01
1.000000000000000000e+01 1.554116639604713468e+00
1.000000000000000000e+01 2.101515955947998116e+00
1.000000000000000000e+01 7.804438601381368246e-01
