-3.0 -3.981452234984797
-2.993993993993994 -4.3313429814012885
-2.987987987987988 -4.211621806531598
-2.981981981981982 -3.2443340503814593
-2.975975975975976 -4.223130510372791
-2.96996996996997 -4.069539354545641
-2.963963963963964 -4.4324534136035805
-2.957957957957958 -4.293878715306318
-2.951951951951952 -3.845339435145375
-2.945945945945946 -3.682049704844899
-2.93993993993994 -3.40229820836295
-2.933933933933934 -5.334278470913348
-2.9279279279279278 -3.2753313733403986
-2.921921921921922 -4.318197614138904
-2.915915915915916 -4.9678638114120215
-2.90990990990991 -4.085116920788761
-2.903903903903904 -5.12162455710604
-2.8978978978978978 -4.654619862743728
-2.891891891891892 -3.4895512977172594
-2.885885885885886 -4.269008275103243
-2.87987987987988 -4.99541426868646
-2.873873873873874 -5.784135831945736
-2.8678678678678677 -4.076246458135059
-2.861861861861862 -4.601805889641202
-2.855855855855856 -4.830170186002927
-2.84984984984985 -4.704540791470026
-2.843843843843844 -4.683558538725736
-2.8378378378378377 -4.7028053313149005
-2.831831831831832 -5.2448109557841995
-2.825825825825826 -5.358460558735645
-2.81981981981982 -5.779891936791464
-2.813813813813814 -4.842497269663017
-2.8078078078078077 -4.775089554066941
-2.8018018018018016 -5.7099903314994656
-2.795795795795796 -4.737849701090953
-2.78978978978979 -4.81570824885348
-2.7837837837837838 -6.10069356489413
-2.7777777777777777 -4.90269177206105
-2.7717717717717716 -4.696219657054056
-2.765765765765766 -5.4155378209737774
-2.75975975975976 -6.1111492336934985
-2.7537537537537538 -5.391452911459833
-2.7477477477477477 -5.909738593222398
-2.7417417417417416 -6.335561388105919
-2.735735735735736 -5.499329850245819
-2.72972972972973 -5.652459398505447
-2.7237237237237237 -5.686975439019267
-2.7177177177177176 -4.771778190363548
-2.7117117117117115 -5.037622224858703
-2.705705705705706 -4.479018079592063
-2.6996996996997 -6.502881737546155
-2.6936936936936937 -5.672142819187471
-2.6876876876876876 -5.513050921801774
-2.6816816816816815 -5.240991598083525
-2.6756756756756754 -5.443402902488437
-2.66966966966967 -4.852243916913962
-2.6636636636636637 -5.313801962416893
-2.6576576576576576 -5.264910186251168
-2.6516516516516515 -4.468236847294746
-2.6456456456456454 -4.327380795448835
-2.6396396396396398 -5.111705322494568
-2.6336336336336337 -4.135090222936771
-2.6276276276276276 -5.122057397129157
-2.6216216216216215 -5.093094691446927
-2.6156156156156154 -4.903270018839522
-2.6096096096096097 -3.886493753127229
-2.6036036036036037 -3.2885411773359534
-2.5975975975975976 -3.5194037150817175
-2.5915915915915915 -4.1339595045671045
-2.5855855855855854 -3.2144667054188627
-2.5795795795795797 -2.689838515410075
-2.5735735735735736 -2.7917813514502665
-2.5675675675675675 -3.4460781647640997
-2.5615615615615615 -3.967467369811459
-2.5555555555555554 -1.8661234068567851
-2.5495495495495497 -3.025754077908292
-2.5435435435435436 -2.1083983385709484
-2.5375375375375375 -1.4933321061467013
-2.5315315315315314 -0.17888202764094907
-2.5255255255255253 -1.323864598859563
-2.5195195195195197 -1.5598864888410682
-2.5135135135135136 -0.7912290393066683
-2.5075075075075075 -0.9777010670266331
-2.5015015015015014 -0.305358363249053
-2.4954954954954953 0.07248855973903644
-2.4894894894894897 0.7477238296312271
-2.4834834834834836 1.111026900426801
-2.4774774774774775 1.9379208372237586
-2.4714714714714714 1.033221303465148
-2.4654654654654653 1.3308926392699334
-2.4594594594594597 0.9561820103412015
-2.4534534534534536 2.372216209554173
-2.4474474474474475 2.9201158940824383
-2.4414414414414414 1.485006039733988
-2.4354354354354353 3.468673091665912
-2.4294294294294296 3.301812601751553
-2.4234234234234235 3.560860463374556
-2.4174174174174174 2.647487775162417
-2.4114114114114114 3.4605968893500316
-2.4054054054054053 3.3568332781475942
-2.3993993993993996 3.589253009344572
-2.3933933933933935 3.91126068155314
-2.3873873873873874 4.366191868147668
-2.3813813813813813 3.5100440468851186
-2.3753753753753752 3.4113510782067937
-2.3693693693693696 4.656965079095484
-2.3633633633633635 4.14574045171046
-2.3573573573573574 5.126237334809538
-2.3513513513513513 4.519542586712619
-2.3453453453453452 4.058069108210993
-2.3393393393393396 5.188262797404122
-2.3333333333333335 6.167629732931122
-2.3273273273273274 6.084535712506918
-2.3213213213213213 5.528984537336463
-2.315315315315315 5.280465488196569
-2.3093093093093096 5.199203875244382
-2.3033033033033035 5.292368485394793
-2.2972972972972974 5.505488341442415
-2.2912912912912913 5.64830409779461
-2.285285285285285 5.362004526095198
-2.2792792792792795 5.50654888342487
-2.2732732732732734 5.716757917714293
-2.2672672672672673 4.27948622131723
-2.2612612612612613 5.681527273583488
-2.255255255255255 4.496406394461254
-2.2492492492492495 5.275905605089747
-2.243243243243243 5.318442157517895
-2.2372372372372373 4.81693056525107
-2.2312312312312312 5.273791527670464
-2.225225225225225 5.351207999058534
-2.2192192192192195 4.899044729092011
-2.213213213213213 5.328678515063574
-2.2072072072072073 5.082414568876105
-2.201201201201201 4.8916068576058604
-2.195195195195195 5.43639921378576
-2.189189189189189 5.26664429823285
-2.183183183183183 5.44773535960921
-2.1771771771771773 4.924649673215077
-2.171171171171171 5.169668313511582
-2.165165165165165 4.873611500377057
-2.159159159159159 4.71369102642498
-2.153153153153153 5.1050085720794565
-2.1471471471471473 4.843343999864694
-2.141141141141141 5.058013682288378
-2.135135135135135 4.002847468958561
-2.129129129129129 3.735131931071746
-2.123123123123123 4.107336864277067
-2.1171171171171173 4.60789066755273
-2.111111111111111 4.837189166841448
-2.105105105105105 4.339517559554929
-2.099099099099099 5.203635896402572
-2.093093093093093 4.750583766611296
-2.0870870870870872 2.8409050464213843
-2.081081081081081 4.53654701718332
-2.075075075075075 4.208049391773649
-2.069069069069069 4.413619005598769
-2.063063063063063 4.715282197508198
-2.057057057057057 4.469474976308745
-2.051051051051051 4.033311263924032
-2.045045045045045 4.3879501486682635
-2.039039039039039 4.747299327711443
-2.033033033033033 4.36292124132094
-2.027027027027027 3.6934838088223314
-2.021021021021021 4.110361609634546
-2.015015015015015 4.216076312129898
-2.009009009009009 4.375047331482741
-2.003003003003003 5.293172576536254
-1.996996996996997 3.197552112599266
-1.990990990990991 4.998729914835347
-1.984984984984985 4.633224552558688
-1.978978978978979 4.5588073951637655
-1.972972972972973 4.208022899271637
-1.966966966966967 4.628126755786904
-1.960960960960961 5.158182815872615
-1.954954954954955 4.79985390829739
-1.9489489489489489 4.147540823776741
-1.942942942942943 5.7978744962857975
-1.936936936936937 5.150958812433245
-1.930930930930931 4.116650165609279
-1.924924924924925 5.076060807465771
-1.9189189189189189 5.6721812899997515
-1.912912912912913 5.067497080116188
-1.906906906906907 4.686745417157635
-1.9009009009009008 5.115624303600543
-1.894894894894895 5.510496143948577
-1.8888888888888888 4.791021018008903
-1.882882882882883 4.941394626629475
-1.8768768768768769 5.474090237753008
-1.8708708708708708 5.0953860559555375
-1.864864864864865 4.622471636800717
-1.8588588588588588 5.576296831899881
-1.852852852852853 4.426916240088876
-1.8468468468468469 5.4733099088724435
-1.8408408408408408 4.5638539248945875
-1.834834834834835 5.339953089968337
-1.8288288288288288 5.332910048976429
-1.822822822822823 5.64474736333536
-1.8168168168168168 4.762779124353605
-1.8108108108108107 5.737371143295721
-1.8048048048048049 4.720858185160478
-1.7987987987987988 5.130869562240165
-1.792792792792793 4.303354663871529
-1.7867867867867868 4.999519322778169
-1.7807807807807807 3.864667922659472
-1.7747747747747749 4.51985209956778
-1.7687687687687688 4.7375134234272736
-1.7627627627627627 3.6498065828758417
-1.7567567567567568 5.000270519293017
-1.7507507507507507 4.321859475264643
-1.7447447447447448 4.421572609590207
-1.7387387387387387 4.29859160201044
-1.7327327327327327 4.528439994733959
-1.7267267267267268 4.064250301880976
-1.7207207207207207 5.194353677671223
-1.7147147147147148 3.9937433619613647
-1.7087087087087087 3.912366149913805
-1.7027027027027026 4.395780717159907
-1.6966966966966968 4.4874093941203945
-1.6906906906906907 4.174507160441758
-1.6846846846846848 4.191272833044956
-1.6786786786786787 4.536193977776923
-1.6726726726726726 4.441419879112948
-1.6666666666666667 3.986465823654097
-1.6606606606606606 3.8302250570611873
-1.6546546546546548 4.476706355454499
-1.6486486486486487 4.806670963541478
-1.6426426426426426 5.39105051480247
-1.6366366366366367 4.254531968681252
-1.6306306306306306 3.1609913876223215
-1.6246246246246245 4.763996478939774
-1.6186186186186187 4.486090423697374
-1.6126126126126126 4.8299288092450166
-1.6066066066066067 4.73654887247603
-1.6006006006006006 3.692794456418772
-1.5945945945945945 4.494312670567818
-1.5885885885885886 5.800866867540593
-1.5825825825825826 4.4363357198744255
-1.5765765765765767 4.269529372755036
-1.5705705705705706 5.742269498071856
-1.5645645645645645 4.684550686189622
-1.5585585585585586 4.531605063195798
-1.5525525525525525 5.036269224890318
-1.5465465465465467 5.26275780498468
-1.5405405405405406 5.10370848309932
-1.5345345345345345 4.408721176524407
-1.5285285285285286 4.816804372166107
-1.5225225225225225 5.130481905549846
-1.5165165165165164 5.566838850667225
-1.5105105105105106 4.7748827113486145
-1.5045045045045045 5.7113946653461465
-1.4984984984984986 6.2823060936365955
-1.4924924924924925 5.1466194203720885
-1.4864864864864864 5.9093336380550525
-1.4804804804804805 4.746756669927645
-1.4744744744744744 5.442090748576748
-1.4684684684684686 6.089814203719645
-1.4624624624624625 5.267507217727579
-1.4564564564564564 5.155452392468885
-1.4504504504504505 5.195822273742142
-1.4444444444444444 5.453468142547603
-1.4384384384384385 6.00771769450799
-1.4324324324324325 5.866555857670458
-1.4264264264264264 5.746709745372619
-1.4204204204204205 5.761826680030773
-1.4144144144144144 3.93965046011414
-1.4084084084084085 5.3322666222589685
-1.4024024024024024 5.995010296512586
-1.3963963963963963 5.358651149848165
-1.3903903903903905 4.4842751848282285
-1.3843843843843844 4.31517788384313
-1.3783783783783783 3.969698257781804
-1.3723723723723724 4.368169822229551
-1.3663663663663663 4.376561050394604
-1.3603603603603605 2.8668563491805594
-1.3543543543543544 3.420590818635789
-1.3483483483483483 3.9193747249709685
-1.3423423423423424 3.442941839620013
-1.3363363363363363 2.491448375030142
-1.3303303303303304 2.917218414734885
-1.3243243243243243 3.41110452210607
-1.3183183183183182 2.376792720907077
-1.3123123123123124 2.032314409925824
-1.3063063063063063 2.3919445577055765
-1.3003003003003004 2.1614155569744957
-1.2942942942942943 1.8518038711928828
-1.2882882882882882 1.8620918082594395
-1.2822822822822824 1.3730388126455122
-1.2762762762762763 0.6431003784867118
-1.2702702702702702 0.8477604467606323
-1.2642642642642643 0.6544908305998531
-1.2582582582582582 0.21425026753970927
-1.2522522522522523 0.7270576617925191
-1.2462462462462462 -0.3608758408572388
-1.2402402402402402 -1.0763442500957328
-1.2342342342342343 -0.5823384893967769
-1.2282282282282282 -1.5361713333857643
-1.2222222222222223 -1.4774415757982162
-1.2162162162162162 -1.5849939771135126
-1.2102102102102101 -2.469328435179525
-1.2042042042042043 -2.0875574902816094
-1.1981981981981982 -2.7216251123977577
-1.1921921921921923 -2.993019070764826
-1.1861861861861862 -2.728381648675755
-1.1801801801801801 -3.2848695205044702
-1.1741741741741742 -2.7230051546836935
-1.1681681681681682 -3.515471683530205
-1.1621621621621623 -2.5274245498451586
-1.1561561561561562 -4.039343329782062
-1.15015015015015 -3.6647734565171874
-1.1441441441441442 -3.7704993693058984
-1.1381381381381381 -4.160803990147475
-1.132132132132132 -4.87754527419315
-1.1261261261261262 -5.724217033948192
-1.12012012012012 -4.213724882485625
-1.1141141141141142 -4.572209588111874
-1.1081081081081081 -4.42187095916075
-1.102102102102102 -4.947095439128205
-1.0960960960960962 -4.7328641726284
-1.09009009009009 -4.0683982380404835
-1.0840840840840842 -5.803643689163777
-1.078078078078078 -6.167462250399506
-1.072072072072072 -5.289246792985367
-1.0660660660660661 -5.222932121707396
-1.06006006006006 -5.748815746985878
-1.0540540540540542 -5.2988764514888125
-1.048048048048048 -5.009885388096359
-1.042042042042042 -5.624390260811931
-1.0360360360360361 -6.38301828518869
-1.03003003003003 -5.911267517559941
-1.0240240240240241 -5.746969335045531
-1.018018018018018 -4.8264806441572965
-1.012012012012012 -5.292925818638717
-1.006006006006006 -5.697841007570265
-1.0 -5.160064272764938
-0.9939939939939939 -5.447286545822698
-0.9879879879879878 -5.49821601010344
-0.9819819819819822 -6.141268306951732
-0.9759759759759761 -4.305530516670014
-0.96996996996997 -5.074426788140332
-0.9639639639639639 -5.801452475653884
-0.9579579579579578 -5.071296877552176
-0.9519519519519521 -4.343064239124529
-0.945945945945946 -5.247004614683062
-0.93993993993994 -3.7650457723456077
-0.9339339339339339 -5.091807196084535
-0.9279279279279278 -4.103462767600822
-0.9219219219219221 -5.1289051304657844
-0.915915915915916 -5.241479370839275
-0.9099099099099099 -4.289458672669034
-0.9039039039039038 -4.827510463581589
-0.8978978978978978 -5.069217500393498
-0.8918918918918921 -4.225961910685551
-0.885885885885886 -4.5542831549299985
-0.8798798798798799 -5.036195168780214
-0.8738738738738738 -5.147464833251055
-0.8678678678678677 -3.8060770231891996
-0.8618618618618621 -5.070657568822258
-0.855855855855856 -4.775817853967075
-0.8498498498498499 -4.466543640273948
-0.8438438438438438 -4.8017855736269235
-0.8378378378378377 -4.6580665967318255
-0.8318318318318321 -4.537334613732174
-0.825825825825826 -4.964734486691286
-0.8198198198198199 -4.075828502995672
-0.8138138138138138 -4.07114463897188
-0.8078078078078077 -4.953464319831479
-0.8018018018018016 -4.766127163486536
-0.795795795795796 -4.669813840907456
-0.7897897897897899 -4.094960663860476
-0.7837837837837838 -5.559135071572652
-0.7777777777777777 -5.52475599576519
-0.7717717717717716 -3.5602678352899195
-0.7657657657657659 -4.635543246752009
-0.7597597597597598 -5.114449770553493
-0.7537537537537538 -4.95245173349873
-0.7477477477477477 -5.331742627853914
-0.7417417417417416 -5.237745627625735
-0.7357357357357359 -3.8601613014364964
-0.7297297297297298 -4.813630365868468
-0.7237237237237237 -4.112588588430177
-0.7177177177177176 -4.546769731165762
-0.7117117117117115 -4.946401716912051
-0.7057057057057059 -4.224779302596056
-0.6996996996996998 -5.079407754069298
-0.6936936936936937 -5.000415570711267
-0.6876876876876876 -4.496088827354988
-0.6816816816816815 -3.9820949268960617
-0.6756756756756759 -5.302099679486048
-0.6696696696696698 -4.966075824791622
-0.6636636636636637 -4.685974037842388
-0.6576576576576576 -4.885579787639069
-0.6516516516516515 -4.768587811360499
-0.6456456456456459 -4.48925793765623
-0.6396396396396398 -5.023731923778092
-0.6336336336336337 -3.7457024130512293
-0.6276276276276276 -5.077311773762488
-0.6216216216216215 -4.69498574826127
-0.6156156156156158 -4.904047572718717
-0.6096096096096097 -5.034872501079867
-0.6036036036036037 -4.844654588301446
-0.5975975975975976 -4.8286630365491305
-0.5915915915915915 -4.198478042784241
-0.5855855855855858 -5.145133903971175
-0.5795795795795797 -5.334080186959678
-0.5735735735735736 -5.251364864357007
-0.5675675675675675 -5.302928759463433
-0.5615615615615615 -4.858715349798215
-0.5555555555555554 -5.694229411988383
-0.5495495495495497 -4.513041160116526
-0.5435435435435436 -5.264851077077155
-0.5375375375375375 -4.545432959080921
-0.5315315315315314 -3.1676439208986062
-0.5255255255255253 -4.956735647282022
-0.5195195195195197 -3.9753067144783563
-0.5135135135135136 -3.902094927779998
-0.5075075075075075 -5.101039462980441
-0.5015015015015014 -4.596396666854795
-0.4954954954954953 -4.356521563369501
-0.48948948948948967 -4.027780537546236
-0.4834834834834836 -4.678111646382881
-0.4774774774774775 -4.629728797239495
-0.4714714714714714 -4.130908005213091
-0.4654654654654653 -4.478404293672634
-0.45945945945945965 -5.288114673799807
-0.45345345345345356 -4.378704568932984
-0.44744744744744747 -4.004181150250999
-0.4414414414414414 -3.9823618650706942
-0.4354354354354353 -4.650310541281722
-0.42942942942942963 -3.9057518003309166
-0.42342342342342354 -4.395591231427633
-0.41741741741741745 -3.624911952502646
-0.41141141141141135 -4.094023584513734
-0.40540540540540526 -5.054544756005875
-0.3993993993993996 -3.7071692281933
-0.3933933933933935 -3.5035723037922275
-0.3873873873873874 -5.4007154572617555
-0.38138138138138133 -4.0047166529520615
-0.37537537537537524 -5.194269617697601
-0.3693693693693696 -3.3972867052692606
-0.3633633633633635 -4.472941351572776
-0.3573573573573574 -4.6804171252735065
-0.3513513513513513 -4.515821166793709
-0.3453453453453452 -4.966790352597174
-0.3393393393393396 -4.247047725542128
-0.3333333333333335 -5.9592426724528815
-0.3273273273273274 -4.800093195257256
-0.3213213213213213 -4.581450612713028
-0.3153153153153152 -4.772065166017677
-0.30930930930930955 -4.637219560962868
-0.30330330330330346 -4.231633386575128
-0.29729729729729737 -4.976828591082944
-0.2912912912912913 -5.277307660066653
-0.2852852852852852 -5.416587478306002
-0.2792792792792791 -4.883260314340572
-0.27327327327327344 -6.484426103103518
-0.26726726726726735 -5.481820634759098
-0.26126126126126126 -5.83889163263218
-0.25525525525525516 -6.041832940933357
-0.24924924924924907 -4.668315350908048
-0.24324324324324342 -5.400204661339748
-0.23723723723723733 -5.698330437262918
-0.23123123123123124 -5.476118906347029
-0.22522522522522515 -5.13739846395799
-0.21921921921921905 -5.838204268123325
-0.2132132132132134 -5.797883730749053
-0.2072072072072073 -5.959243393598008
-0.20120120120120122 -5.271314858320933
-0.19519519519519513 -5.407794891039792
-0.18918918918918903 -5.421044051529058
-0.18318318318318338 -5.674356238861352
-0.1771771771771773 -5.231621190752871
-0.1711711711711712 -4.926875647612293
-0.1651651651651651 -5.269956789852001
-0.159159159159159 -5.539739113659104
-0.15315315315315337 -5.6513510647197
-0.14714714714714727 -4.747304828754504
-0.14114114114114118 -4.550400078599622
-0.1351351351351351 -4.858951318678303
-0.129129129129129 -4.395960923290098
-0.12312312312312335 -4.605021771090791
-0.11711711711711725 -4.356653413928242
-0.11111111111111116 -4.1225978921409805
-0.10510510510510507 -4.6914791561709155
-0.09909909909909898 -4.575923919505139
-0.09309309309309333 -3.078868505605044
-0.08708708708708723 -2.983756472210815
-0.08108108108108114 -2.8722688447892026
-0.07507507507507505 -3.3361555411272645
-0.06906906906906896 -3.1186523364796708
-0.06306306306306331 -1.9910232588087027
-0.057057057057057214 -2.0097695502149557
-0.05105105105105112 -1.606265281507485
-0.04504504504504503 -1.392890295195663
-0.039039039039038936 -1.1352045150656642
-0.033033033033032844 -0.23305725331165084
-0.027027027027027195 -0.9260632319019215
-0.021021021021021102 -0.4740075554947162
-0.01501501501501501 -0.26673038604002436
-0.009009009009008917 -0.4320381852386785
-0.0030030030030028243 0.1055856489623738
0.0030030030030028243 -0.14197283332172486
0.009009009009008917 0.10493787317688441
0.01501501501501501 0.3324110282514974
0.021021021021021102 0.7819162119945915
0.027027027027027195 1.1944886663718015
0.033033033033032844 0.7119405005399265
0.039039039039038936 1.8991112807294686
0.04504504504504503 1.7257943541684575
0.05105105105105112 2.2416454240528725
0.057057057057057214 2.299395288590227
0.06306306306306286 2.3016553902720887
0.06906906906906896 3.1084137766146256
0.07507507507507505 2.580374659776938
0.08108108108108114 2.8548580683831846
0.08708708708708723 3.0611451159399987
0.09309309309309288 2.9260938615383685
0.09909909909909898 3.5422976299467006
0.10510510510510507 3.5413939473432103
0.11111111111111116 4.539054185813651
0.11711711711711725 3.868321209086844
0.1231231231231229 4.370303783422001
0.129129129129129 4.4738998604436055
0.1351351351351351 4.328440774491275
0.14114114114114118 4.826153075364602
0.14714714714714727 4.514046696681504
0.15315315315315292 5.363687720388924
0.159159159159159 5.0134305250990545
0.1651651651651651 4.643989784206414
0.1711711711711712 4.362384349094071
0.1771771771771773 6.049623527513391
0.18318318318318294 5.564784593317174
0.18918918918918903 6.155460156787579
0.19519519519519513 4.7306060397643055
0.20120120120120122 5.518723135760015
0.2072072072072073 5.614555562712529
0.2132132132132134 6.3770930571116855
0.21921921921921905 5.666733140885899
0.22522522522522515 5.214398734665611
0.23123123123123124 5.372709484334492
0.23723723723723733 5.7229234266730185
0.24324324324324342 5.0962587137921895
0.24924924924924907 6.4079605913353985
0.25525525525525516 6.042536891959363
0.26126126126126126 4.901741120539331
0.26726726726726735 5.283426444323193
0.27327327327327344 4.691267698512798
0.2792792792792791 5.902098697061572
0.2852852852852852 5.580606842613475
0.2912912912912913 5.280266779819032
0.29729729729729737 5.526545387755565
0.30330330330330346 4.9049601169361745
0.3093093093093091 5.008962825966777
0.3153153153153152 4.3138711292512575
0.3213213213213213 5.7482658614050495
0.3273273273273274 4.895733607878959
0.3333333333333335 5.1068503792278035
0.33933933933933913 5.524145599250377
0.3453453453453452 4.346640852041675
0.3513513513513513 4.823653428647648
0.3573573573573574 4.240585798886963
0.3633633633633635 4.565412270284037
0.36936936936936915 5.666096523286807
0.37537537537537524 3.646050664651929
0.38138138138138133 4.6851052400812785
0.3873873873873874 4.070450170277319
0.3933933933933935 3.9521689644998927
0.39939939939939917 4.380581396886409
0.40540540540540526 5.618459814922098
0.41141141141141135 4.9301263108910245
0.41741741741741745 4.350457937449763
0.42342342342342354 4.3038558893342485
0.4294294294294292 3.9662754807551854
0.4354354354354353 4.132607202915371
0.4414414414414414 4.341944247396917
0.44744744744744747 4.014664763895913
0.45345345345345356 4.129510124507365
0.45945945945945965 4.4824759929416835
0.4654654654654653 4.55390940983688
0.4714714714714714 4.783155572931885
0.4774774774774775 4.358482907911493
0.4834834834834836 4.316928097039856
0.48948948948948967 4.231438727992352
0.4954954954954953 4.160501715645917
0.5015015015015014 4.49258228907315
0.5075075075075075 5.2203496531165685
0.5135135135135136 5.5888794705280604
0.5195195195195197 4.028501872818714
0.5255255255255253 4.467135729117041
0.5315315315315314 5.1676947583106285
0.5375375375375375 5.027760046550391
0.5435435435435436 5.042150513061187
0.5495495495495497 4.944343282572946
0.5555555555555554 4.0703048475048496
0.5615615615615615 3.9653674017299423
0.5675675675675675 3.675477687181208
0.5735735735735736 4.836170616768388
0.5795795795795797 5.024688547275049
0.5855855855855854 5.560175287027898
0.5915915915915915 4.871889154866605
0.5975975975975976 5.311026631325222
0.6036036036036037 5.619092254780012
0.6096096096096097 5.035969831134105
0.6156156156156154 4.938935035094867
0.6216216216216215 5.439464930281014
0.6276276276276276 4.397824174862325
0.6336336336336337 4.603371327952933
0.6396396396396398 5.0264957882640555
0.6456456456456454 5.194568380698088
0.6516516516516515 5.55358150723675
0.6576576576576576 4.949309525476748
0.6636636636636637 5.521011213805973
0.6696696696696698 4.6572591284578415
0.6756756756756754 5.345221225997788
0.6816816816816815 4.201499133530372
0.6876876876876876 5.175464257648365
0.6936936936936937 4.174752557550079
0.6996996996996998 5.462606442333966
0.7057057057057055 5.495865278321775
0.7117117117117115 4.33895593969375
0.7177177177177176 4.046620675821
0.7237237237237237 4.1291132176261405
0.7297297297297298 4.288554321193912
0.7357357357357359 5.026360936927182
0.7417417417417416 4.314156900863551
0.7477477477477477 4.731868471889417
0.7537537537537538 4.557472071205058
0.7597597597597598 4.878161861610155
0.7657657657657659 5.0485699088977265
0.7717717717717716 3.6606953634489403
0.7777777777777777 4.405489951936192
0.7837837837837838 3.99847181113758
0.7897897897897899 4.280276549487497
0.795795795795796 3.8307945775354026
0.8018018018018016 4.260295331456905
0.8078078078078077 5.093859208764462
0.8138138138138138 4.60876952627935
0.8198198198198199 4.135727754254753
0.825825825825826 4.541207656516478
0.8318318318318316 3.326327337537215
0.8378378378378377 5.008682063723345
0.8438438438438438 5.043520860064914
0.8498498498498499 4.1446188799364965
0.855855855855856 4.84287972910534
0.8618618618618616 4.9030097288999634
0.8678678678678677 5.010914364519372
0.8738738738738738 5.6121435092101075
0.8798798798798799 4.988194702206938
0.885885885885886 3.729524393894232
0.8918918918918917 4.956209401783745
0.8978978978978978 4.8001171908429
0.9039039039039038 4.448745941966058
0.9099099099099099 4.326989608429208
0.915915915915916 4.3827531831571545
0.9219219219219217 4.3746247400012495
0.9279279279279278 4.114782097248886
0.9339339339339339 5.189795589873649
0.93993993993994 5.169772859645
0.945945945945946 5.8207081304623065
0.9519519519519517 5.2821301571131105
0.9579579579579578 4.603969787571361
0.9639639639639639 5.086809142521116
0.96996996996997 4.656063395451548
0.9759759759759761 4.9893087477341425
0.9819819819819822 5.193361939216704
0.9879879879879878 5.524916709703762
0.9939939939939939 4.442331974492267
1.0 5.536694037203993
1.0060060060060056 6.055023947173571
1.0120120120120122 4.933029190769677
1.0180180180180178 5.4212120129211625
1.0240240240240244 4.99182645617876
1.03003003003003 4.9393173193716855
1.0360360360360357 5.710545004077033
1.0420420420420422 5.800859945543385
1.0480480480480479 4.740682155065212
1.0540540540540544 5.368742786378354
1.06006006006006 4.905457764435197
1.0660660660660657 4.65835876054918
1.0720720720720722 5.744824555045092
1.0780780780780779 3.871683042430382
1.0840840840840844 5.604981353337833
1.09009009009009 4.271124082143338
1.0960960960960957 5.014391946984652
1.1021021021021022 4.942901246623268
1.108108108108108 4.610089433626694
1.1141141141141144 4.812802548718999
1.12012012012012 5.037026579955705
1.1261261261261257 4.346955776289237
1.1321321321321323 4.112953792715477
1.138138138138138 3.647408430589426
1.1441441441441444 3.5281705728712294
1.15015015015015 3.943095656312471
1.1561561561561557 2.908134913510703
1.1621621621621623 2.5707891476684224
1.168168168168168 4.015215738430526
1.1741741741741745 3.5690977386176144
1.1801801801801801 2.449022002216759
1.1861861861861858 2.8888126158927148
1.1921921921921923 2.461456463410013
1.198198198198198 2.8141520363589185
1.2042042042042045 1.1764981240548802
1.2102102102102101 1.788987048086594
1.2162162162162158 0.45216967021491994
1.2222222222222223 1.6167882025742957
1.228228228228228 1.887562923987323
1.2342342342342345 0.4330697288915887
1.2402402402402402 1.1182662468410325
1.2462462462462458 0.011933644563926121
1.2522522522522523 -0.26611767912408557
1.258258258258258 -0.23637122927605064
1.2642642642642645 0.05397213723524075
1.2702702702702702 -0.6357878250153224
1.2762762762762758 -0.5104622710571972
1.2822822822822824 -1.4436086056472264
1.288288288288288 -2.1267400476969165
1.2942942942942945 -1.970816179152488
1.3003003003003002 -1.9034127236905465
1.3063063063063058 -2.3943338118221913
1.3123123123123124 -2.2932537972950215
1.318318318318318 -2.782196494347434
1.3243243243243246 -3.3648802120677876
1.3303303303303302 -3.1934169420204714
1.3363363363363359 -3.3393885659400158
1.3423423423423424 -4.187130800371842
1.348348348348348 -4.52442834749243
1.3543543543543546 -4.367345561059091
1.3603603603603602 -3.4351018774192577
1.3663663663663668 -3.936197627627102
1.3723723723723724 -3.5551594408689753
1.378378378378378 -3.722128787332575
1.3843843843843846 -3.7577348525897136
1.3903903903903903 -4.403987969626592
1.3963963963963968 -5.318525618306595
1.4024024024024024 -4.933889233269625
1.408408408408408 -4.690579322465054
1.4144144144144146 -5.431623677732554
1.4204204204204203 -6.130707408473698
1.4264264264264268 -5.6820510348467845
1.4324324324324325 -5.712444741555044
1.438438438438438 -5.085462632175181
1.4444444444444446 -5.263081356174125
1.4504504504504503 -6.349410184942474
1.4564564564564568 -5.726648561056847
1.4624624624624625 -6.011635423175854
1.4684684684684681 -6.110470195305491
1.4744744744744747 -5.513829590085463
1.4804804804804803 -5.29477908265491
1.4864864864864868 -5.281595843633548
1.4924924924924925 -5.425588333785318
1.4984984984984981 -5.690283364625574
1.5045045045045047 -7.130541010516487
1.5105105105105103 -5.514909614906157
1.5165165165165169 -5.712087405370505
1.5225225225225225 -5.029981008929037
1.5285285285285282 -5.288527420939933
1.5345345345345347 -4.668451397684102
1.5405405405405403 -4.75466247184332
1.5465465465465469 -4.952339715797556
1.5525525525525525 -4.7495640293568195
1.5585585585585582 -5.093041788328963
1.5645645645645647 -4.5823925768093705
1.5705705705705704 -5.047387272252369
1.576576576576577 -5.251278529110406
1.5825825825825826 -4.908014058836093
1.5885885885885882 -4.837986179451964
1.5945945945945947 -5.439440639397467
1.6006006006006004 -4.663104422398405
1.606606606606607 -4.609850389127384
1.6126126126126126 -3.5795069382401894
1.6186186186186182 -4.682916139755101
1.6246246246246248 -3.7304897061273667
1.6306306306306304 -5.281248602466299
1.636636636636637 -4.362260049119753
1.6426426426426426 -4.585326757925111
1.6486486486486482 -4.21846859964442
1.6546546546546548 -4.30146469687973
1.6606606606606604 -5.2829217386009795
1.666666666666667 -4.526426613900473
1.6726726726726726 -3.64069325311005
1.6786786786786783 -5.18354383802802
1.6846846846846848 -3.881899513313127
1.6906906906906904 -5.30471845568117
1.696696696696697 -3.3457856781024717
1.7027027027027026 -4.664317454527228
1.7087087087087083 -4.070138707276347
1.7147147147147148 -5.558852853949906
1.7207207207207205 -4.741311405697183
1.726726726726727 -4.2945167199203595
1.7327327327327327 -4.127558489545884
1.7387387387387383 -4.364928004662573
1.7447447447447448 -4.589672355510649
1.7507507507507505 -3.9263930373046976
1.756756756756757 -3.7941750244855617
1.7627627627627627 -5.101545847339528
1.7687687687687683 -5.745987147049657
1.7747747747747749 -3.632665337749409
1.7807807807807805 -5.177198314146803
1.786786786786787 -4.159406842653814
1.7927927927927927 -5.316824307126846
1.7987987987987983 -5.054608147981951
1.8048048048048049 -4.769161827425786
1.8108108108108105 -4.255363258362834
1.816816816816817 -5.115216756710766
1.8228228228228227 -5.35625844396854
1.8288288288288284 -4.219615278850277
1.834834834834835 -5.175290713673907
1.8408408408408405 -4.464028859226616
1.846846846846847 -5.216700156518233
1.8528528528528527 -4.644064984510789
1.8588588588588584 -4.768813916616201
1.864864864864865 -5.213359364964088
1.8708708708708706 -4.832238806296274
1.876876876876877 -4.729710110028311
1.8828828828828827 -5.613598062921572
1.8888888888888893 -5.145421368610958
1.894894894894895 -4.960882892842646
1.9009009009009006 -4.514754367669402
1.9069069069069071 -6.076011462059136
1.9129129129129128 -5.3804126586059
1.9189189189189193 -4.657688859403468
1.924924924924925 -5.48899589928957
1.9309309309309306 -4.036755198674499
1.9369369369369371 -4.118117723414214
1.9429429429429428 -5.104643058191634
1.9489489489489493 -4.792730438274457
1.954954954954955 -4.606476678585545
1.9609609609609606 -4.983455978343155
1.9669669669669672 -4.843822799804325
1.9729729729729728 -5.393040011398482
1.9789789789789793 -4.586726671211464
1.984984984984985 -4.938059452769863
1.9909909909909906 -5.175107562313848
1.9969969969969972 -4.593683850622823
2.003003003003003 -4.543218529819724
2.0090090090090094 -4.263703241736555
2.015015015015015 -4.387116968929336
2.0210210210210207 -4.7483060230788965
2.027027027027027 -5.292789661662058
2.033033033033033 -5.12469473358167
2.0390390390390394 -5.873153351256551
2.045045045045045 -5.148521878292817
2.0510510510510507 -4.2246626263084375
2.057057057057057 -4.595555572828591
2.063063063063063 -4.41171011316258
2.0690690690690694 -4.26550832925321
2.075075075075075 -4.153216921816839
2.0810810810810807 -3.947709063661798
2.0870870870870872 -4.395146391698578
2.093093093093093 -4.010681180924955
2.0990990990990994 -3.840661679965362
2.105105105105105 -4.632887326901547
2.1111111111111107 -4.500685485056467
2.1171171171171173 -4.714761095154965
2.123123123123123 -3.6826487764135467
2.1291291291291294 -4.671173060480024
2.135135135135135 -4.3823199179720564
2.1411411411411407 -4.694918546523274
2.1471471471471473 -4.819121334740775
2.153153153153153 -4.7148008152193475
2.1591591591591595 -4.845249194922009
2.165165165165165 -4.781349719160341
2.1711711711711708 -4.9197010371242165
2.1771771771771773 -4.640775929089616
2.183183183183183 -4.321990245429513
2.1891891891891895 -5.326292771612979
2.195195195195195 -5.104894921659801
2.2012012012012008 -5.026973644017555
2.2072072072072073 -5.273532775524868
2.213213213213213 -4.9780234362617
2.2192192192192195 -5.247114082005001
2.225225225225225 -5.4110804036464
2.231231231231231 -5.356581733483839
2.2372372372372373 -6.275671830028203
2.243243243243243 -5.096647518186394
2.2492492492492495 -4.499087529690537
2.255255255255255 -4.944017159427312
2.261261261261261 -5.23122176621971
2.2672672672672673 -6.052806600268918
2.273273273273273 -5.198436433224583
2.2792792792792795 -4.915234177877951
2.285285285285285 -5.823376116113875
2.291291291291291 -5.9148760354023375
2.2972972972972974 -5.511816734454528
2.303303303303303 -5.784372720924219
2.3093093093093096 -4.955520508286323
2.315315315315315 -5.647908724339889
2.321321321321321 -5.122606698394414
2.3273273273273274 -5.852688610438821
2.333333333333333 -4.6813748134501125
2.3393393393393396 -4.19229862634311
2.3453453453453452 -5.915881706047254
2.351351351351351 -5.887990537797217
2.3573573573573574 -3.9086147856305584
2.363363363363363 -5.081861189182574
2.3693693693693696 -4.987625169346327
2.3753753753753752 -4.901783220439108
2.381381381381381 -4.1848588438832115
2.3873873873873874 -2.9914973756294563
2.393393393393393 -4.500488014653268
2.3993993993993996 -3.735891689497603
2.4054054054054053 -3.664278504440582
2.411411411411412 -3.4075924170703433
2.4174174174174174 -3.9476475814046696
2.423423423423423 -2.9436221873233044
2.4294294294294296 -3.108631112224061
2.4354354354354353 -2.206932005767043
2.441441441441442 -2.5517492070479846
2.4474474474474475 -2.433845366527021
2.453453453453453 -2.637347399868934
2.4594594594594597 -2.0621605692166463
2.4654654654654653 -1.9377478337210876
2.471471471471472 -2.1467641748342166
2.4774774774774775 -0.8761353252512387
2.483483483483483 -0.7235782167066298
2.4894894894894897 -0.7658268940614208
2.4954954954954953 0.3701357883700987
2.501501501501502 -0.24005846426442798
2.5075075075075075 0.9586416316649038
2.513513513513513 0.8930934871395663
2.5195195195195197 0.8594708986276856
2.5255255255255253 0.7528267470993116
2.531531531531532 1.243443353592501
2.5375375375375375 1.416755404170263
2.543543543543543 1.1378183137180113
2.5495495495495497 2.2262919039946394
2.5555555555555554 2.4966576455454867
2.561561561561562 2.992375853626481
2.5675675675675675 2.9317697467642936
2.573573573573573 2.4723731417315133
2.5795795795795797 3.026203924838107
2.5855855855855854 4.079880889125691
2.591591591591592 3.772435435583401
2.5975975975975976 3.7594841788663653
2.603603603603603 5.26464252845814
2.6096096096096097 4.5892027391345245
2.6156156156156154 4.328780010510794
2.621621621621622 4.592751812156862
2.6276276276276276 5.459696291516641
2.6336336336336332 4.1914391041987695
2.6396396396396398 4.995501601027987
2.6456456456456454 5.181279423308124
2.651651651651652 5.38436486037613
2.6576576576576576 5.93390429839582
2.6636636636636633 5.338128259746912
2.66966966966967 5.259521273925061
2.6756756756756754 5.040032716211531
2.681681681681682 5.055921055185728
2.6876876876876876 5.1158553160478295
2.6936936936936933 5.650690961606463
2.6996996996997 5.187873947450955
2.7057057057057055 6.221758179009978
2.711711711711712 4.531597016338407
2.7177177177177176 4.568936550441229
2.7237237237237233 5.24297369666659
2.72972972972973 5.878884540274209
2.7357357357357355 4.9745147087623875
2.741741741741742 5.824242538758135
2.7477477477477477 5.291247168545722
2.7537537537537533 4.980671070776911
2.75975975975976 5.683147445012997
2.7657657657657655 5.109192577475474
2.771771771771772 6.524049229076116
2.7777777777777777 4.762313351459216
2.7837837837837833 5.8330216648885225
2.78978978978979 4.727040440187962
2.7957957957957955 4.415456017443513
2.801801801801802 5.049180256243678
2.8078078078078077 5.160872700857539
2.8138138138138133 4.948908127614263
2.81981981981982 4.544421151691546
2.8258258258258255 4.994599821120209
2.831831831831832 4.734692076290283
2.8378378378378377 4.23409287106327
2.8438438438438434 4.796855275360733
2.84984984984985 4.126709627181021
2.8558558558558556 4.523402451190629
2.861861861861862 4.56427676642368
2.8678678678678677 4.966459816913657
2.8738738738738734 4.929591980379547
2.87987987987988 4.263071466970005
2.8858858858858856 4.254669857802584
2.891891891891892 5.130859293495387
2.8978978978978978 4.683172369931581
2.9039039039039043 3.9990188509358284
2.90990990990991 3.7801566335504972
2.9159159159159156 4.388096730780576
2.921921921921922 4.250624942248079
2.9279279279279278 3.7915954577072393
2.9339339339339343 3.4854245549450678
2.93993993993994 4.140131426963019
2.9459459459459456 4.147800804641001
2.951951951951952 4.931680889550131
2.957957957957958 4.114837664853985
2.9639639639639643 3.981957725906565
2.96996996996997 4.502366690829281
2.9759759759759756 4.7837642055289935
2.981981981981982 3.99129827994503
2.987987987987988 4.788192452854726
2.9939939939939944 4.090375658289822
3.0 4.379546971053917
