10000
938
563
800
411
239
644
657
121
798
62
44
235
626
648
975
559
654
542
320
49
398
386
995
905
111
642
183
389
931
465
203
326
239
591
51
262
807
336
563
197
66
879
239
855
881
222
490
543
210
896
211
266
764
234
651
402
405
712
259
349
35
283
877
517
462
941
1
584
429
449
667
563
866
374
48
81
726
568
148
168
730
954
686
652
824
208
942
607
13
153
130
371
675
685
536
900
968
450
385
79
946
258
359
878
62
570
752
916
713
351
875
404
998
907
609
782
709
605
133
849
829
918
958
380
399
979
536
259
380
666
500
513
481
813
234
930
255
204
203
471
364
418
123
474
867
894
535
716
242
785
975
424
25
67
395
519
702
476
939
116
221
929
81
795
417
994
325
304
781
328
251
998
612
94
603
74
395
708
437
273
590
913
343
382
293
208
947
400
551
790
558
234
891
885
147
49
508
268
788
838
368
698
670
842
802
45
452
108
551
427
100
304
87
534
370
429
57
884
691
812
785
772
399
384
143
627
926
363
768
396
442
974
819
454
827
658
404
573
851
335
306
353
125
474
638
132
704
971
433
77
147
820
485
950
733
969
68
920
576
535
216
180
560
838
506
878
656
934
716
651
529
979
86
2
831
476
210
418
999
772
41
286
111
980
104
612
233
63
389
880
751
887
173
744
984
112
710
850
560
495
264
8
734
302
250
765
600
109
269
223
963
495
362
481
389
378
258
979
681
757
358
74
327
622
25
469
473
382
294
671
528
19
898
377
749
807
635
765
57
344
397
296
980
269
747
386
950
738
366
725
479
886
220
58
191
252
218
884
676
410
146
8
125
128
588
318
382
419
201
172
934
490
973
686
57
187
337
861
22
636
991
59
432
767
216
59
430
968
453
25
734
328
141
203
393
832
657
274
461
67
193
24
655
175
750
701
54
751
648
233
619
201
306
667
341
652
499
375
240
301
415
456
946
231
565
961
590
321
335
127
350
769
975
720
810
521
367
381
374
8
612
987
916
499
777
445
295
192
565
704
732
346
527
690
624
808
723
67
379
661
805
525
296
610
157
675
853
980
236
755
365
507
439
367
987
920
73
670
650
358
954
454
70
792
515
478
223
416
142
487
605
803
337
361
131
247
181
274
53
990
872
169
409
72
335
945
269
394
922
165
372
97
904
559
227
364
395
663
700
275
861
21
730
78
21
307
443
569
146
167
103
738
764
328
510
457
836
717
632
894
45
966
290
138
644
494
356
772
636
345
749
680
250
752
497
567
443
604
748
255
37
608
410
681
905
157
552
267
68
840
902
711
611
261
681
344
101
763
445
714
688
189
637
789
447
140
17
41
154
991
590
148
96
777
561
977
359
817
645
715
5
804
913
136
298
957
488
755
240
12
708
284
890
624
357
566
841
173
789
432
280
831
458
758
478
724
253
812
925
516
4
119
494
429
395
513
750
879
171
111
38
362
625
715
841
84
117
56
797
730
709
570
947
738
83
342
506
561
511
329
509
540
512
858
542
512
76
245
192
466
818
388
427
572
431
360
251
896
239
104
866
142
770
357
427
335
493
102
544
762
261
439
205
252
911
144
190
927
947
569
65
814
229
233
721
756
278
520
426
706
191
399
429
768
895
184
601
230
221
916
560
763
599
793
116
626
473
757
210
16
107
954
181
843
449
1
541
898
640
672
904
610
868
910
195
693
426
296
437
258
252
339
359
861
461
213
100
206
229
51
615
732
351
159
499
693
804
735
200
411
205
785
907
127
490
701
619
355
327
787
262
161
470
175
539
392
965
663
200
86
169
162
363
669
304
214
511
343
486
608
87
560
243
785
55
624
547
692
739
623
135
254
106
782
282
492
706
853
12
244
258
50
811
66
470
327
606
199
923
605
350
334
270
256
970
343
648
267
206
489
326
341
300
633
600
981
106
860
862
608
785
994
632
99
905
3
280
398
966
725
772
332
997
173
146
799
146
953
845
964
139
978
567
486
569
610
955
457
255
379
570
590
773
981
408
691
801
505
693
637
680
35
532
813
167
534
105
876
375
660
430
561
745
906
217
924
975
798
878
227
901
770
325
152
198
317
46
646
554
606
644
966
354
634
338
688
397
779
656
465
624
766
979
573
123
587
159
435
940
784
814
317
293
324
679
461
36
545
819
386
555
628
791
391
427
883
332
429
644
986
137
399
423
423
771
445
796
703
822
225
817
883
399
63
797
47
841
846
136
908
848
684
890
523
703
676
530
999
581
283
83
659
775
917
492
280
843
51
440
726
50
605
773
479
163
161
484
265
838
828
604
42
942
883
240
881
895
929
907
65
285
9
955
291
926
510
45
912
408
71
933
691
2
605
762
515
799
516
688
480
703
921
985
556
473
154
700
40
661
879
325
564
521
421
184
740
275
537
739
490
193
982
723
79
728
651
333
497
69
237
682
251
898
241
971
877
818
479
802
854
777
986
895
315
27
361
792
44
778
935
242
453
778
497
576
794
739
754
379
207
916
435
110
857
583
894
612
416
447
956
855
526
871
38
764
989
496
359
309
843
183
241
196
716
960
509
145
532
537
351
78
939
815
25
688
870
594
810
75
870
330
645
632
588
459
163
758
502
701
758
215
116
741
219
581
667
484
413
295
740
813
601
804
940
458
689
346
655
454
63
230
789
562
80
11
808
121
363
633
785
528
752
68
247
151
739
783
851
548
358
560
969
798
379
680
500
265
163
466
783
479
672
650
855
280
905
683
991
693
38
863
190
550
498
787
517
187
565
796
209
779
239
569
791
247
136
918
808
349
711
780
539
611
637
242
361
841
481
766
186
437
306
696
313
965
597
17
354
101
392
926
488
894
538
774
313
532
4
520
75
506
573
317
79
78
989
262
297
864
257
339
82
970
691
988
967
962
622
798
960
833
452
931
19
32
322
823
385
952
486
543
965
190
243
304
65
980
34
604
426
855
192
408
285
582
477
268
607
680
299
520
276
84
523
218
945
168
656
141
847
506
305
223
360
131
138
14
575
605
777
185
314
795
983
890
733
555
446
138
196
604
313
516
778
951
0
652
793
361
772
195
717
96
87
698
378
578
629
717
386
357
158
528
943
145
49
149
630
610
719
801
820
356
506
318
840
916
620
241
110
173
867
0
522
29
291
650
781
349
261
397
897
519
906
102
737
382
21
456
855
994
133
133
978
554
797
274
437
98
522
810
237
146
748
243
710
423
747
197
902
711
991
168
844
214
619
171
131
120
578
386
643
908
584
539
782
123
210
26
163
854
737
458
755
111
562
859
151
799
138
23
269
16
433
693
810
251
144
228
119
105
598
901
115
165
975
456
394
547
347
320
995
255
557
839
470
96
630
883
408
999
22
473
629
896
111
952
149
348
552
368
460
157
161
280
774
974
857
924
976
123
397
702
123
408
933
268
429
700
361
326
790
525
494
43
174
274
996
592
117
379
141
28
338
532
319
827
115
1
778
375
918
52
705
881
722
295
33
903
419
552
278
175
854
367
650
701
270
709
218
78
369
945
641
680
918
403
668
256
686
159
257
715
105
480
470
366
701
227
294
447
321
841
336
371
450
834
322
764
767
259
868
6
108
838
308
694
786
945
990
133
313
906
644
841
766
71
206
518
717
839
553
844
953
472
695
513
23
842
578
259
799
724
441
287
732
273
956
340
855
733
889
369
907
725
546
677
715
67
782
866
357
316
654
201
924
6
851
40
774
581
25
766
564
266
744
165
132
146
164
650
52
804
60
333
531
880
610
188
471
185
132
845
422
991
601
191
615
555
15
866
506
758
524
863
429
925
727
151
84
492
667
21
979
448
733
23
106
832
331
210
934
586
10
202
921
781
472
597
982
80
166
902
338
892
401
479
420
505
697
924
54
870
551
859
932
446
823
608
529
806
403
746
341
243
534
4
162
374
7
924
130
299
954
515
736
45
675
287
88
133
154
358
66
567
772
583
958
374
310
386
412
801
194
857
774
392
622
879
314
93
868
673
791
636
389
393
811
198
927
843
180
62
294
626
665
170
731
797
324
954
591
86
309
254
978
576
138
694
322
672
116
8
242
364
640
280
868
172
563
512
331
604
511
863
923
952
520
505
91
430
762
391
55
745
174
980
137
222
816
205
335
736
598
887
110
672
193
39
809
945
780
201
392
501
692
731
269
152
380
300
248
540
130
469
604
734
3
873
65
436
658
339
404
6
828
600
702
198
333
241
452
405
443
528
722
556
293
843
127
475
890
50
646
34
983
737
689
71
533
595
199
469
822
663
88
122
185
570
277
14
43
456
26
813
77
208
12
860
492
295
365
582
288
91
141
901
301
746
108
22
750
983
292
228
127
604
172
305
744
301
984
583
370
571
763
878
119
708
243
263
330
673
574
538
220
429
158
498
477
621
245
851
649
626
705
530
360
633
152
576
534
877
530
516
357
78
323
179
977
450
998
983
65
599
332
736
360
135
115
321
437
251
215
871
886
558
258
34
609
389
751
497
280
940
11
326
862
958
4
957
138
85
851
960
170
577
572
169
140
646
759
818
868
846
568
82
75
938
954
948
41
823
238
179
384
741
357
865
27
228
118
808
509
546
975
806
888
198
497
786
116
826
796
186
910
869
163
236
669
873
822
218
892
326
668
889
448
388
164
99
293
215
556
264
765
995
748
220
819
5
908
360
457
933
756
986
998
370
437
711
895
29
806
193
402
306
506
76
315
935
753
283
21
766
151
510
809
560
78
378
46
340
256
803
845
961
153
740
472
127
4
723
496
567
394
298
484
125
548
905
870
217
355
366
948
505
804
157
116
930
288
106
847
258
122
252
177
113
299
711
912
595
858
166
523
974
629
20
340
520
401
307
540
496
105
222
200
687
664
91
364
315
924
51
492
171
967
95
208
815
526
107
220
455
724
533
939
938
391
568
398
87
961
47
247
863
923
591
458
353
153
873
134
188
711
676
862
833
322
298
195
488
687
729
434
819
635
822
159
739
804
501
524
742
83
635
606
302
776
743
661
967
911
593
494
110
987
274
414
353
177
631
667
311
191
910
419
655
25
920
710
784
27
931
261
706
819
508
746
204
928
929
609
274
276
191
952
371
38
89
732
837
726
978
785
737
705
100
785
44
349
413
409
939
876
381
561
536
311
529
170
148
157
674
252
664
390
325
367
168
86
150
755
316
345
614
959
959
532
373
945
855
138
432
54
584
614
965
775
288
590
459
244
845
550
583
901
431
897
121
405
665
725
311
362
686
270
140
318
424
459
800
816
275
506
0
274
217
331
566
187
3
692
474
935
750
915
352
629
622
922
396
21
429
293
522
985
893
508
429
170
486
483
47
422
107
440
299
382
655
901
506
196
846
983
520
560
46
585
67
272
774
552
594
5
373
788
15
151
192
438
551
870
278
624
34
894
18
193
620
780
495
415
803
176
526
947
254
669
555
631
138
591
306
18
30
811
942
550
639
976
617
970
298
124
118
887
350
883
513
1
68
715
544
229
711
599
34
366
754
65
776
519
401
420
638
984
820
327
953
373
95
527
561
582
927
981
780
835
495
560
176
227
294
64
264
147
277
248
855
252
939
565
219
447
865
147
269
611
115
142
3
153
274
4
522
617
103
9
465
858
306
875
890
189
211
340
662
494
776
306
885
857
80
653
545
309
178
716
129
319
623
367
594
842
364
163
930
161
515
676
691
394
555
494
261
434
186
330
695
699
408
846
803
296
407
621
223
988
521
942
114
132
218
828
812
981
66
297
389
375
657
458
641
825
827
468
993
585
920
852
114
308
753
315
959
450
608
294
928
545
806
509
900
857
170
356
930
965
531
326
710
752
35
132
650
649
639
71
165
260
771
120
545
757
265
937
155
504
287
461
664
570
304
551
59
13
551
483
630
672
220
253
455
325
780
458
160
566
910
57
589
177
401
195
197
694
607
477
887
162
902
908
809
370
512
776
626
764
754
512
844
820
997
812
860
863
875
445
881
189
346
825
908
75
818
989
560
304
511
70
792
429
359
942
79
646
805
848
262
400
266
360
325
486
853
114
420
66
990
954
317
614
759
635
858
509
378
99
515
961
496
610
306
846
403
314
58
251
599
164
3
243
894
936
599
898
798
52
747
100
762
5
291
163
229
108
97
643
831
802
122
166
665
741
259
32
366
512
54
333
293
49
55
371
376
87
859
384
614
672
343
62
539
731
63
638
868
338
282
286
758
743
434
250
214
723
35
443
5
539
483
920
112
583
32
943
279
696
904
138
762
213
481
189
848
945
375
447
861
588
379
440
279
126
609
95
814
848
157
813
83
845
927
837
859
937
258
338
262
127
843
68
159
850
773
164
825
766
478
266
497
459
699
475
460
266
975
607
483
890
315
565
190
763
871
269
615
156
434
192
526
167
858
110
138
193
615
563
785
300
994
850
854
528
645
525
526
25
788
192
365
64
114
86
504
399
224
402
394
353
924
406
275
935
763
317
612
491
10
178
229
394
535
964
46
952
912
809
637
395
272
385
396
292
105
268
385
531
437
678
740
621
54
793
285
65
85
134
61
25
563
682
611
897
77
351
282
612
716
476
792
180
844
837
681
996
282
43
23
82
307
302
98
529
567
130
746
792
515
183
648
988
33
480
330
871
325
111
523
447
247
979
273
921
900
136
599
662
198
138
200
617
470
191
953
956
562
173
376
164
322
624
111
897
56
71
947
659
445
252
729
141
766
127
357
36
459
734
144
496
320
219
566
542
299
722
652
975
828
87
23
572
463
898
249
961
673
583
447
529
339
347
333
16
982
367
374
356
177
540
341
785
414
692
671
618
277
895
441
5
493
822
36
52
188
425
965
913
869
319
616
295
530
756
18
489
273
735
938
63
619
163
793
40
448
831
549
343
147
485
555
692
829
483
791
466
675
272
756
645
984
950
98
887
351
585
647
27
212
253
501
549
121
317
128
153
205
244
541
910
234
984
849
734
383
16
911
102
348
126
412
29
986
290
381
49
318
243
386
895
646
386
534
613
27
730
977
799
522
811
802
33
186
337
549
519
915
877
840
445
157
442
247
349
518
264
76
617
452
436
59
491
16
800
458
748
20
759
703
113
209
297
180
821
380
259
696
330
114
496
328
790
476
62
549
122
698
30
270
803
952
589
547
808
397
327
571
975
727
605
461
23
418
746
126
487
428
418
753
553
568
708
32
799
721
39
800
624
395
631
946
781
934
62
339
719
812
756
163
366
478
736
520
573
902
960
362
275
449
607
975
779
38
88
984
725
535
591
136
650
40
536
705
359
729
980
102
502
613
619
300
620
801
33
730
907
521
246
127
649
760
178
510
449
227
730
955
293
859
323
536
497
300
687
452
154
162
887
137
429
344
270
345
609
193
194
197
211
865
938
230
761
909
441
247
679
673
227
246
721
896
356
347
7
725
545
538
147
159
750
570
244
523
107
15
923
667
614
548
108
979
343
481
801
924
200
300
445
429
280
195
390
982
570
814
100
330
404
512
127
834
727
618
281
42
503
507
886
828
158
828
733
374
574
193
597
676
484
238
546
974
120
514
422
433
420
831
936
874
707
951
599
242
556
221
767
899
167
621
35
167
431
418
933
14
511
106
612
384
30
609
170
112
318
194
586
306
623
372
319
65
263
561
160
849
65
104
408
599
694
341
25
421
107
262
311
888
198
473
997
706
454
150
863
601
870
843
314
4
594
999
475
753
734
642
981
896
388
43
255
498
945
224
108
938
419
432
181
734
702
802
758
352
76
588
93
542
936
138
776
114
3
907
885
467
664
191
816
505
278
709
861
252
51
179
305
907
628
806
505
765
385
140
76
579
915
952
642
763
941
350
816
848
421
348
334
628
503
186
195
687
650
256
835
266
689
907
390
785
275
309
130
197
476
336
744
849
276
273
882
605
415
9
537
809
515
257
767
851
748
890
647
1
40
758
586
779
718
32
818
742
845
579
710
31
197
622
178
220
308
861
872
717
766
946
947
797
556
931
205
310
904
538
827
695
693
322
552
45
62
348
317
98
243
110
276
107
764
265
765
71
845
43
941
368
176
384
41
610
461
429
910
993
967
498
941
564
604
980
794
522
671
221
578
146
742
528
861
841
472
480
92
690
44
91
182
896
967
84
563
927
819
185
600
3
182
631
784
307
334
428
304
951
835
517
236
584
620
368
23
425
321
304
319
337
784
789
455
542
651
166
329
579
26
656
768
506
590
15
251
205
924
129
196
619
501
213
272
864
880
666
198
212
798
147
526
755
80
209
299
987
524
977
254
622
621
753
878
945
340
356
51
648
368
806
957
914
910
702
577
795
424
172
733
455
535
504
11
863
98
688
77
877
712
360
611
169
397
578
808
910
141
79
201
720
780
697
600
82
259
362
748
493
448
4
178
548
320
908
542
16
398
234
633
155
611
177
119
165
555
670
346
905
73
597
182
726
901
382
244
882
732
295
270
764
25
763
112
920
916
522
907
675
828
480
590
531
351
128
3
197
911
153
326
757
839
930
834
361
661
671
171
17
896
681
374
939
787
485
678
440
392
695
766
617
821
263
735
604
894
612
86
914
833
727
983
23
531
606
699
486
42
964
312
752
2
801
885
808
448
943
890
464
338
834
123
640
156
617
893
616
363
902
755
375
724
663
963
829
963
129
890
238
553
474
672
974
950
450
416
970
700
137
912
343
27
233
43
712
213
264
168
468
103
770
824
744
144
333
72
7
711
810
633
185
509
378
745
933
648
876
155
49
763
865
810
452
721
600
342
732
757
980
964
926
770
788
608
696
111
776
716
942
615
356
891
901
122
115
725
899
742
34
13
925
561
384
848
479
909
107
909
954
772
475
308
327
190
761
213
237
21
809
949
957
933
907
509
407
859
498
187
546
843
996
28
141
348
758
79
56
456
483
908
514
726
700
196
781
985
784
92
542
600
240
735
36
768
176
343
508
34
851
528
587
204
337
637
356
552
12
582
372
702
671
471
460
767
664
428
877
648
928
347
60
853
670
978
150
79
43
216
324
134
573
762
587
346
543
2
368
600
117
125
121
747
983
235
331
916
518
759
722
625
849
794
234
213
265
994
853
699
449
872
6
943
885
807
450
170
860
26
332
441
797
262
737
648
135
912
371
265
195
103
135
167
626
350
421
70
865
995
582
285
305
673
436
46
430
729
149
282
763
279
852
194
142
501
401
598
998
390
109
604
668
663
188
301
17
717
415
273
314
987
476
484
189
132
702
449
890
669
167
129
808
583
734
506
367
664
788
490
317
568
369
76
28
184
989
263
433
311
512
39
334
904
872
188
77
672
288
332
308
414
201
491
708
796
202
808
626
219
288
875
186
711
201
132
153
511
879
153
521
736
359
164
879
220
713
783
954
210
661
165
531
978
839
168
375
770
927
35
523
82
927
791
610
959
422
934
423
24
735
836
676
797
774
855
90
241
407
327
618
300
231
446
361
391
915
166
221
743
701
170
511
986
416
138
107
953
656
212
89
324
525
636
105
619
573
538
420
793
741
653
994
915
109
469
27
537
24
435
481
586
788
702
112
114
359
913
71
757
669
808
700
874
811
186
811
278
189
941
338
512
115
582
436
145
513
670
246
280
950
663
404
60
624
248
328
812
859
596
223
365
927
329
968
467
716
753
579
305
196
85
709
668
177
890
238
717
345
687
574
117
869
267
231
131
856
30
904
618
552
134
690
197
444
349
188
182
324
437
501
992
272
897
777
632
76
842
441
718
822
956
403
677
489
602
586
336
691
521
707
75
868
885
883
568
5
637
624
35
85
920
305
618
506
971
912
823
425
524
867
643
230
14
796
674
431
207
806
870
188
909
886
51
403
225
500
88
443
186
218
137
547
999
732
186
888
805
903
982
846
777
919
817
844
280
657
419
955
913
276
270
36
205
433
864
294
661
142
189
166
595
332
578
615
361
388
838
23
291
187
331
781
911
634
203
307
818
551
119
983
106
511
504
31
482
723
345
743
183
300
777
595
448
203
212
593
421
968
700
932
53
507
802
835
752
622
21
526
795
515
382
929
78
640
274
790
94
86
781
35
978
938
518
799
914
523
681
841
518
117
72
253
995
91
729
853
336
818
583
36
729
228
222
461
420
433
312
652
654
482
154
719
734
628
10
540
185
245
359
922
514
923
667
297
783
521
918
830
672
602
71
539
680
532
469
142
786
726
762
570
563
939
371
527
594
605
789
261
230
868
738
754
209
634
206
593
513
561
889
637
783
989
516
64
856
987
615
31
554
223
563
915
510
10
944
296
135
267
116
242
101
960
780
805
641
985
433
647
673
398
629
106
564
730
579
990
745
216
565
970
494
538
720
102
563
393
482
422
632
5
376
832
145
732
27
973
62
712
53
975
920
23
228
821
665
731
890
236
844
168
512
166
495
927
94
613
271
275
899
5
246
180
607
924
923
259
805
360
0
688
617
441
493
793
8
333
550
626
74
242
714
984
464
652
700
479
486
69
946
591
841
352
590
298
672
507
402
288
164
579
590
662
781
852
884
988
718
793
403
389
503
75
572
457
854
876
777
78
595
115
966
358
374
733
535
922
948
123
168
152
997
684
848
501
133
963
884
502
885
455
131
507
561
479
354
930
771
177
314
134
658
362
73
419
937
424
379
348
946
691
444
254
952
991
398
499
35
789
242
836
2
590
3
719
605
111
321
676
198
64
69
774
542
342
30
418
658
788
747
582
545
776
285
670
715
532
373
789
510
583
434
835
275
737
370
973
257
836
178
275
727
383
581
392
61
11
125
304
750
801
499
460
323
417
774
98
473
305
82
214
970
944
391
479
696
186
772
67
889
825
347
545
346
188
24
842
296
111
752
535
738
369
946
215
731
360
595
387
642
702
158
142
981
605
513
542
61
12
353
810
502
452
431
48
650
137
27
873
15
397
839
441
308
650
421
10
997
563
501
856
111
472
46
933
3
480
174
269
255
622
194
547
547
540
545
347
611
926
505
91
7
793
77
774
851
791
682
718
358
683
265
547
680
807
278
852
539
998
231
488
698
675
98
300
694
965
356
220
176
696
671
635
704
635
471
941
582
881
668
351
113
633
255
68
256
823
948
317
362
678
579
435
238
850
676
995
392
495
641
285
74
79
134
904
108
824
736
530
306
650
154
79
934
517
852
707
161
690
948
75
895
392
833
813
134
924
284
880
98
270
65
513
7
398
597
141
712
570
814
709
113
73
334
710
611
29
590
978
779
328
419
415
108
741
905
534
426
571
633
841
60
940
59
208
313
773
846
925
989
595
519
58
338
284
695
455
822
377
212
961
887
878
999
187
189
767
992
596
319
733
343
135
124
48
282
816
762
646
283
817
940
678
601
702
48
521
767
699
67
914
362
469
59
374
559
795
785
30
650
195
579
651
323
38
779
515
567
284
259
820
352
171
888
679
237
34
226
875
353
185
766
365
581
753
981
48
541
686
531
57
479
143
510
146
246
158
390
580
751
978
737
542
918
277
234
568
929
305
618
638
912
388
5
156
994
214
767
491
88
364
629
333
95
60
893
830
15
823
693
709
435
173
560
783
646
956
320
866
369
575
176
905
246
374
258
621
382
277
78
52
176
490
925
63
204
164
820
335
738
684
374
471
132
182
51
849
85
550
565
745
495
555
301
579
645
330
454
70
438
708
137
65
278
116
262
744
615
28
803
555
694
373
934
312
269
669
108
107
392
409
476
423
501
817
676
626
847
152
829
616
846
230
507
537
195
237
993
980
265
342
641
468
834
450
598
834
439
84
815
698
15
168
801
414
373
861
593
961
472
181
896
298
269
353
307
276
365
156
409
226
118
910
513
424
136
80
494
156
348
538
735
386
169
566
388
197
608
525
515
795
581
146
358
955
140
155
257
638
643
456
221
905
157
94
462
892
870
528
697
469
409
897
132
117
989
608
615
657
276
114
55
642
162
947
178
153
46
352
473
309
945
656
877
833
758
546
713
76
693
475
197
600
898
220
135
541
248
574
542
707
886
196
563
525
385
637
821
859
202
923
194
702
218
678
818
248
903
527
814
89
480
304
492
391
176
893
970
374
475
484
286
275
67
11
164
428
948
809
941
452
488
739
598
298
444
376
780
193
642
816
890
442
612
23
614
359
378
733
940
424
782
627
885
957
698
986
744
287
669
137
86
619
94
500
533
980
800
308
700
795
257
191
754
584
999
979
451
720
19
952
252
674
269
976
890
515
526
747
247
604
844
694
152
635
387
847
705
757
90
141
153
376
488
642
329
264
687
50
271
103
243
32
537
619
338
128
565
23
779
998
638
493
849
458
453
267
708
107
493
635
9
233
85
735
667
559
328
302
774
207
530
497
173
462
66
394
402
614
802
11
55
416
769
694
151
576
969
24
647
607
526
589
626
529
183
42
441
176
576
59
863
115
533
210
11
551
19
118
262
83
532
450
921
655
808
402
577
276
911
61
333
560
581
809
387
843
946
403
968
49
941
144
189
828
790
441
983
907
708
319
533
712
681
819
445
491
165
952
392
249
962
498
859
370
915
766
55
255
946
269
348
176
100
684
394
930
559
189
275
322
201
182
294
62
109
856
940
114
615
40
700
683
651
521
731
0
694
248
193
374
905
309
49
135
949
312
97
381
57
212
859
752
912
466
911
797
518
99
664
670
705
776
854
909
775
322
977
263
272
118
215
312
552
289
75
862
372
109
571
772
103
279
414
272
555
277
153
159
392
791
521
69
22
714
836
979
326
568
256
88
989
23
206
10
788
902
225
386
280
742
687
102
539
657
607
298
602
875
835
627
597
973
363
662
249
968
110
915
504
677
435
522
903
737
24
508
583
82
83
157
580
371
914
532
690
295
173
559
570
296
487
742
708
787
823
90
287
499
581
270
709
625
687
215
435
486
528
109
444
259
941
225
812
113
244
700
870
785
797
357
572
232
561
545
479
921
16
378
525
990
420
360
915
276
467
29
459
318
707
369
18
538
106
0
139
263
587
968
340
645
852
917
362
359
935
402
777
662
937
781
35
790
919
66
449
574
442
720
666
225
202
75
868
64
493
458
233
64
354
846
992
959
508
999
623
702
802
85
996
118
403
186
782
232
695
450
271
511
997
231
466
260
411
413
580
115
573
940
847
174
942
619
393
215
851
991
32
733
331
671
771
631
943
913
363
223
974
663
708
155
39
841
301
148
941
476
459
104
737
984
353
535
748
390
199
446
885
342
242
141
995
375
212
116
573
462
487
104
196
181
468
37
121
454
646
376
678
946
895
109
288
82
553
376
976
902
424
338
106
946
838
324
22
588
455
807
215
934
558
138
745
230
48
3
458
706
866
897
78
793
513
723
860
403
447
105
24
107
660
137
779
752
639
890
921
720
631
73
513
383
208
98
749
82
722
124
624
58
653
659
685
269
698
782
750
307
533
966
479
376
740
562
944
662
254
997
709
160
291
54
395
830
142
653
171
110
221
484
282
312
802
104
937
359
891
516
401
367
352
782
472
47
874
778
886
237
262
980
798
649
696
671
51
782
575
604
782
959
328
181
531
634
283
97
928
638
214
471
932
68
480
957
94
562
311
532
811
147
122
420
437
467
970
219
660
698
235
607
756
527
122
846
939
735
875
675
754
788
263
865
565
88
57
409
681
839
820
537
199
525
237
159
259
95
996
727
909
167
471
680
121
377
185
615
332
689
713
733
601
595
100
460
899
291
671
572
615
755
914
126
171
246
180
385
109
374
525
801
429
769
953
450
51
20
199
313
281
422
367
414
135
206
394
935
822
410
476
393
348
23
830
3
732
360
493
100
443
297
839
143
198
240
666
441
638
3
115
788
521
807
807
698
815
953
553
53
34
4
99
17
709
988
582
170
454
459
789
131
941
267
614
698
59
467
481
408
489
840
740
86
200
128
990
526
509
413
971
372
918
765
608
268
241
640
204
544
636
87
427
958
977
261
805
137
645
237
126
381
58
801
907
80
113
366
746
545
539
360
686
151
7
471
840
72
653
934
774
294
960
306
414
201
738
830
138
241
272
600
322
87
405
594
465
729
201
958
461
800
454
639
791
612
716
502
730
738
914
654
611
429
570
662
127
620
589
760
308
700
324
999
103
736
219
513
531
750
723
357
35
928
266
854
795
255
296
476
633
389
881
71
34
964
462
764
521
944
882
602
979
508
215
906
203
878
735
967
844
601
332
610
614
377
18
364
259
917
769
511
321
875
151
687
737
936
643
198
777
339
546
749
509
773
723
160
713
897
437
660
815
645
575
77
42
34
706
3
560
308
845
920
953
772
743
974
265
197
320
994
678
717
898
32
414
737
468
701
635
746
158
132
654
301
759
692
25
472
58
129
160
214
334
608
44
466
449
103
348
290
275
63
356
169
18
529
626
516
898
662
711
928
553
317
160
938
97
346
543
73
208
498
100
282
219
281
765
113
139
960
760
917
237
614
784
205
743
137
549
567
160
731
299
447
98
975
537
61
692
116
54
647
278
882
336
426
334
646
784
172
611
213
184
352
649
314
922
721
781
654
691
907
532
462
787
807
748
779
427
70
826
398
693
658
451
881
221
443
68
5
671
449
394
128
426
75
729
113
756
654
160
499
837
205
45
793
500
82
322
381
535
881
980
427
495
658
937
198
749
456
278
386
812
951
31
620
601
936
708
816
549
444
192
366
902
473
837
708
146
412
651
906
732
568
336
803
479
876
707
260
365
560
7
812
259
656
625
313
755
547
823
621
198
941
76
458
437
272
324
843
552
149
186
282
109
504
445
677
907
931
843
259
333
772
235
493
316
416
543
447
977
131
443
190
978
207
54
36
440
291
206
232
688
129
557
709
168
953
68
956
467
707
903
318
10
336
775
964
109
591
300
710
737
654
981
72
773
795
782
937
766
421
511
194
33
370
230
892
903
982
787
369
532
827
590
68
817
774
68
533
81
196
386
528
699
909
783
283
575
495
246
376
587
374
281
277
811
696
485
998
436
908
419
549
879
932
729
245
334
560
707
805
108
287
722
835
70
165
544
648
464
208
346
312
368
51
637
682
712
685
791
221
832
616
747
651
814
518
119
812
978
254
934
415
925
577
358
631
626
24
16
596
724
646
982
772
134
788
612
524
9
830
501
231
674
168
520
42
275
797
192
738
158
857
960
53
939
415
230
749
164
946
53
732
643
768
845
841
5
611
134
471
199
365
124
470
252
123
393
395
205
393
766
604
788
493
333
288
140
261
993
200
477
915
624
494
424
572
54
250
966
911
40
904
90
762
519
79
199
350
448
577
237
844
674
807
987
885
660
283
760
528
711
830
97
242
237
534
698
760
570
798
116
893
971
961
926
853
261
808
891
348
915
184
817
97
580
144
550
935
69
840
215
262
561
351
588
984
468
452
599
547
428
873
158
151
283
912
207
289
757
641
596
849
736
621
413
145
936
991
611
556
95
353
947
946
508
684
288
544
391
782
657
909
926
717
483
900
214
564
485
940
35
192
19
302
440
449
537
99
806
198
423
739
188
739
999
94
403
525
422
859
938
790
381
963
93
388
216
230
322
566
937
817
171
222
579
71
359
384
390
463
260
501
850
825
829
501
409
715
952
622
962
457
220
48
722
379
633
982
633
337
314
580
804
970
929
314
761
572
88
729
967
88
217
771
852
811
179
683
953
875
149
960
242
970
529
653
622
256
156
110
955
931
803
246
8
985
155
528
767
762
947
720
73
308
994
697
686
76
269
953
186
959
652
216
877
661
674
847
279
597
83
512
985
483
974
93
689
865
171
398
560
434
707
373
819
700
265
690
267
129
367
330
333
416
76
281
952
448
418
508
713
432
921
929
199
306
969
189
362
708
702
0
695
159
382
602
68
12
80
259
327
910
363
314
155
259
404
95
520
15
550
549
358
307
841
800
625
362
682
506
151
931
853
616
882
676
129
651
866
625
355
725
560
284
633
861
922
741
757
845
589
479
249
246
105
930
594
439
478
681
106
295
820
595
928
694
275
470
415
402
996
127
262
320
852
185
718
439
75
250
29
899
809
376
193
905
613
720
481
339
100
617
639
257
555
610
64
24
937
474
193
658
864
490
842
234
289
169
141
702
682
174
877
672
711
750
95
310
449
110
267
708
28
433
844
661
552
508
756
47
779
546
690
88
747
72
4
60
684
253
687
750
502
135
530
551
378
250
244
281
994
491
126
151
80
354
359
537
837
683
372
751
323
684
501
194
323
947
492
710
426
603
569
666
329
661
670
916
903
478
966
774
423
40
907
580
365
497
220
376
397
572
920
133
178
292
262
882
682
968
854
499
177
686
553
839
535
869
852
373
537
472
508
307
968
672
810
444
939
165
747
797
451
649
426
302
15
704
309
809
852
71
134
373
623
224
869
730
355
474
42
387
926
570
284
682
621
867
365
169
150
227
186
372
720
768
785
432
710
912
156
123
54
440
783
229
62
56
166
867
275
127
263
187
159
758
454
411
404
387
201
197
198
158
599
316
150
564
270
5
57
474
542
420
829
925
748
832
928
163
449
724
143
24
5
899
706
581
183
496
608
144
58
176
120
686
45
858
765
791
489
20
10
426
104
91
78
501
719
921
751
299
548
965
909
163
110
188
627
239
298
335
842
469
497
391
462
109
107
576
687
228
832
902
173
694
963
844
631
569
13
112
359
308
429
265
892
750
314
258
810
274
252
893
505
638
161
773
487
310
7
955
719
836
283
797
163
565
61
34
934
446
344
25
364
887
24
639
754
631
73
765
933
220
172
633
326
857
930
464
950
153
652
741
242
922
914
950
838
314
307
236
872
535
769
166
493
625
235
736
811
374
41
101
966
562
153
252
353
198
798
306
718
651
63
664
654
217
434
608
83
147
771
373
979
322
202
929
854
857
348
736
602
550
884
189
446
361
182
652
211
965
896
430
562
435
926
724
396
296
688
719
567
543
407
369
172
534
203
600
83
27
368
29
573
695
890
854
621
795
911
458
68
955
200
788
116
606
645
583
369
739
353
667
103
141
405
382
159
376
957
967
535
320
94
277
146
656
742
980
213
646
952
890
226
998
147
490
58
474
970
965
62
605
807
307
503
518
838
29
707
30
525
910
217
540
133
606
127
559
617
201
126
901
133
81
334
621
680
201
21
961
890
377
236
905
279
578
776
581
521
997
764
773
503
53
854
253
786
277
499
762
436
572
595
236
547
446
360
437
530
806
900
606
706
369
501
91
130
72
903
940
518
970
760
830
367
627
756
531
105
342
501
376
334
288
720
125
656
448
246
554
133
868
630
338
950
576
185
494
952
445
862
710
854
118
625
140
352
968
21
335
370
803
918
441
898
255
951
752
587
92
30
994
124
574
215
805
915
28
103
403
587
291
783
252
942
164
397
15
938
957
0
966
565
43
550
498
423
415
446
898
466
516
744
39
279
631
81
630
926
650
687
591
140
339
150
613
44
941
414
549
798
374
967
583
733
445
743
254
488
319
734
780
427
147
478
432
776
677
869
207
721
910
583
760
840
925
72
876
804
46
883
860
588
543
845
749
86
265
997
582
636
621
966
57
307
842
973
351
576
970
476
549
501
645
959
564
985
418
430
628
973
32
568
434
687
7
573
588
330
690
480
534
74
923
314
972
606
409
150
386
620
131
564
669
779
453
219
890
921
671
333
281
823
928
563
537
716
410
290
40
948
347
185
95
694
180
334
443
950
931
239
783
203
791
27
728
304
943
357
581
838
798
104
242
944
137
346
335
112
953
393
28
417
775
406
678
320
214
596
262
304
755
441
910
918
689
649
264
313
643
817
281
484
927
791
49
259
736
944
601
278
844
354
243
30
234
863
716
635
929
679
880
828
60
343
551
64
638
944
248
740
868
560
43
558
256
283
283
254
396
765
278
350
671
362
750
643
706
318
976
72
298
755
303
230
367
246
960
427
351
942
20
163
744
887
296
53
658
506
40
922
264
61
807
903
973
161
387
811
141
239
644
280
132
178
350
285
118
816
267
15
440
257
138
892
455
889
805
18
442
801
916
234
148
797
524
30
639
694
263
26
998
994
118
629
115
216
295
907
479
544
808
977
705
199
462
219
721
618
870
762
56
991
363
472
180
915
325
817
245
843
190
71
576
695
948
675
161
828
136
28
332
659
86
794
680
777
35
786
446
309
349
593
580
116
111
652
388
488
909
992
631
951
697
973
488
463
488
556
690
16
777
435
158
54
811
662
223
427
21
150
901
852
425
242
199
705
95
619
191
928
248
214
387
857
703
763
930
893
985
782
736
48
187
155
342
405
909
884
877
331
39
604
139
11
832
709
937
699
856
759
285
976
68
884
833
981
767
667
818
997
467
913
182
58
698
105
743
154
267
412
606
33
302
361
233
329
56
700
40
383
795
852
520
895
707
877
360
934
835
385
747
156
232
332
295
861
333
887
543
703
734
243
419
795
971
423
343
618
452
321
771
511
895
302
563
258
493
922
727
972
942
272
677
531
947
566
851
688
665
854
769
506
997
637
921
20
156
605
770
59
975
539
379
454
746
769
592
627
445
270
273
727
688
796
259
303
432
882
588
249
524
296
980
260
682
181
170
985
196
786
805
928
370
678
566
246
340
211
315
62
655
364
729
390
982
435
926
372
209
356
888
282
175
143
165
488
511
381
35
121
62
169
459
86
22
107
686
439
169
471
475
207
50
151
916
875
469
642
684
164
798
225
912
498
228
192
534
295
983
351
105
419
786
115
114
269
515
910
556
642
773
719
912
130
817
942
533
955
977
273
8
173
844
49
878
549
55
425
642
266
303
108
911
550
910
244
81
419
691
53
284
673
657
427
705
411
542
445
79
249
522
662
144
460
947
962
479
614
776
967
316
522
541
318
92
561
292
817
69
579
553
888
730
673
585
628
487
54
471
811
128
358
340
615
680
702
459
330
267
430
632
148
381
598
481
468
65
76
583
473
480
449
247
395
250
462
305
709
982
767
810
907
213
360
398
163
87
695
121
619
519
167
168
651
532
597
190
832
435
985
572
317
66
693
784
570
229
468
93
213
34
637
601
820
443
239
607
261
502
293
349
191
971
632
252
483
164
377
256
681
377
598
511
682
778
744
971
467
386
962
23
335
565
7
345
432
747
535
103
346
869
737
936
5
260
231
515
42
16
251
642
718
6
17
643
859
638
871
990
752
989
587
510
899
673
746
396
410
36
455
397
746
633
999
392
987
861
520
982
408
621
381
133
686
152
80
408
279
210
679
628
845
562
225
783
303
75
124
240
940
729
287
653
952
50
830
267
842
870
605
304
721
505
879
47
219
797
741
176
669
656
490
955
496
324
620
149
54
314
79
73
420
572
572
709
967
308
426
203
745
758
649
545
673
625
123
33
465
357
228
28
354
779
375
837
78
974
331
339
731
831
774
473
693
82
174
445
247
864
674
622
749
371
652
513
205
814
645
734
183
215
577
390
932
329
885
210
420
314
674
995
157
891
358
102
947
553
855
440
147
817
673
877
243
852
752
772
322
798
693
429
547
761
998
148
912
651
289
898
526
168
912
312
290
644
630
735
972
738
703
845
701
264
276
634
836
742
336
840
333
393
262
801
838
950
705
883
56
977
623
63
781
11
700
640
220
746
772
764
838
762
214
162
3
585
231
65
649
40
683
162
351
209
933
971
539
426
175
316
254
723
347
691
747
317
685
649
671
554
822
631
859
691
618
282
889
288
190
999
178
435
60
571
537
950
795
423
795
285
180
232
757
518
331
687
656
926
643
958
594
176
198
84
506
683
408
513
189
679
717
346
261
91
35
80
957
67
851
639
481
459
85
624
389
232
456
735
935
684
931
323
958
663
492
349
582
741
219
605
288
669
561
37
235
987
56
240
528
575
987
116
158
41
450
316
69
652
614
594
816
418
993
279
876
796
115
31
273
944
587
284
157
306
444
367
210
764
305
92
845
657
842
841
387
444
314
724
386
872
423
276
810
655
125
615
976
277
357
827
545
897
533
165
400
963
402
558
705
838
238
896
401
467
107
350
523
584
230
276
759
686
297
933
461
970
144
223
680
492
846
170
307
84
658
159
809
684
842
913
579
812
134
14
724
453
950
945
821
737
620
562
16
769
45
554
315
722
205
386
157
567
145
140
894
781
976
573
284
194
655
917
803
792
71
530
635
884
479
291
204
912
799
256
85
579
380
467
953
389
765
311
573
353
48
922
703
229
917
218
471
550
587
103
73
490
102
955
157
924
324
160
594
706
358
546
621
991
189
689
674
876
197
503
218
651
41
588
35
932
819
233
843
136
254
373
883
180
665
415
382
962
788
105
847
740
70
165
366
282
982
372
797
629
59
253
437
637
325
689
443
59
233
288
149
287
595
521
346
629
436
535
623
863
453
448
404
647
70
324
740
615
5
297
934
360
612
726
305
264
925
918
262
797
500
419
394
831
62
544
303
918
379
371
132
279
458
720
786
378
592
968
917
818
631
674
611
815
107
343
541
895
761
485
149
610
501
174
480
54
36
839
153
439
104
748
699
767
474
430
391
948
435
91
563
523
327
101
53
308
345
283
672
71
440
422
0
497
710
159
268
112
928
177
370
132
558
705
975
924
357
202
432
252
996
204
439
375
34
686
386
773
881
700
954
965
531
863
198
324
954
683
322
233
609
441
830
188
515
465
929
848
413
809
521
600
244
576
704
466
478
156
800
716
559
256
329
913
107
980
943
656
357
627
687
317
841
527
504
149
428
303
450
573
400
370
287
584
521
780
74
628
549
796
969
561
147
485
274
841
601
45
181
514
701
970
593
206
178
286
273
45
171
161
74
658
651
621
544
983
798
854
50
775
485
547
1
618
758
112
892
671
69
993
837
817
635
642
355
580
33
766
415
561
926
65
734
777
198
739
451
753
899
978
907
865
275
912
641
703
893
308
832
865
223
160
718
131
69
919
411
903
167
958
656
769
240
782
756
344
70
662
218
775
824
302
216
577
294
474
674
857
383
851
89
385
215
369
451
392
335
897
978
352
703
489
342
807
293
394
311
965
213
963
507
366
689
343
443
843
491
892
778
683
688
235
163
195
346
647
721
309
164
251
868
73
385
157
699
535
725
442
74
273
169
731
845
283
233
681
476
565
531
286
343
384
669
551
777
197
183
889
330
799
116
207
343
234
568
710
768
826
254
768
81
368
838
440
981
173
298
754
710
761
949
762
448
269
343
548
107
669
559
957
175
586
223
409
468
742
240
873
740
730
720
877
319
93
685
718
399
819
812
700
355
506
870
1
678
688
95
290
544
726
769
856
323
381
944
937
93
409
300
238
385
436
443
568
176
663
942
123
144
477
955
10
229
756
340
517
483
898
368
599
660
242
85
123
812
743
846
838
144
663
21
854
768
382
222
155
905
31
955
422
847
710
732
653
845
944
562
16
887
920
680
521
347
347
876
217
940
872
273
211
789
198
392
470
821
69
562
503
510
842
128
668
647
575
894
932
344
863
317
822
805
607
292
48
302
4
650
238
292
483
22
302
264
306
983
553
237
593
591
549
730
956
792
150
707
345
78
612
90
261
864
911
399
198
991
350
127
42
573
322
652
779
976
59
22
464
256
792
965
163
416
500
732
653
115
643
191
462
117
263
639
875
153
832
923
881
404
396
314
661
17
56
572
637
120
133
943
380
586
56
160
987
506
270
579
819
322
949
852
462
967
331
288
431
599
950
888
339
444
287
179
104
570
706
140
181
517
589
149
796
94
946
155
813
783
900
721
830
488
397
779
909
960
562
802
323
867
28
326
219
414
361
223
906
332
629
105
104
740
456
848
842
900
902
165
512
783
940
803
763
771
648
865
158
654
71
398
965
107
908
164
189
683
342
184
768
438
687
932
595
305
488
750
230
215
547
913
209
368
551
136
391
741
555
148
895
5
565
866
212
927
295
311
925
592
687
744
897
292
904
920
631
795
860
106
778
606
315
518
488
908
511
616
316
158
650
799
455
540
300
858
247
852
703
862
406
150
919
253
761
980
595
805
677
780
521
468
278
484
815
473
892
551
759
68
340
762
738
929
66
388
785
191
176
580
579
867
713
376
113
205
111
313
476
396
287
320
326
826
684
708
732
400
564
924
582
790
923
433
700
406
5
776
390
905
928
846
93
631
488
207
84
387
8
261
741
213
604
787
93
140
281
731
929
984
523
847
652
670
90
47
330
671
804
148
651
742
614
296
874
542
159
381
215
729
488
722
339
618
575
305
46
325
662
846
194
288
968
966
248
726
726
356
789
731
996
548
154
490
261
477
408
853
318
352
762
590
349
832
951
67
531
189
665
811
939
115
382
760
750
550
551
204
767
728
943
812
559
351
473
299
205
662
438
274
547
705
60
868
270
459
262
839
30
719
721
593
676
285
260
643
462
881
11
369
654
797
436
360
360
196
564
6
708
545
952
246
786
76
8
397
522
141
329
193
637
678
698
789
972
58
31
570
135
455
768
745
223
42
903
193
682
602
175
57
518
831
213
358
629
42
680
731
62
122
417
88
27
813
484
561
485
578
605
370
730
894
190
6
887
464
983
934
173
713
476
617
311
532
22
40
298
114
415
930
961
773
476
531
468
399
359
531
173
568
854
688
320
565
