100
6.82 5.93
1.26 0.77
4.72 3.88
2.16 9.79
4.75 4.65
5.07 3.79
4.49 7.54
5.39 8.46
5.46 2.7
1.74 3.01
4.23 2.16
0.37 2.52
8.66 5.24
5.66 1.86
5.92 9.78
8.43 7.28
4.45 6.82
3.78 5.38
4.96 8.0
8.07 8.2
2.37 3.16
3.28 9.07
3.44 9.44
5.07 2.23
7.55 3.43
9.25 8.38
5.3 2.95
5.51 8.94
2.54 4.04
0.18 6.54
8.58 8.73
0.61 8.79
3.48 0.02
4.23 0.41
6.45 6.05
3.71 3.04
4.22 8.74
0.36 2.14
8.17 5.0
7.71 7.33
7.29 2.81
4.07 4.88
8.63 6.68
2.74 1.62
0.59 0.12
9.05 2.11
5.45 0.55
8.26 1.21
5.88 1.2
6.19 1.43
8.5 6.89
7.55 1.19
6.77 7.67
0.71 7.8
2.14 8.78
0.72 9.59
9.44 0.37
8.54 4.99
5.71 1.11
0.72 6.95
7.61 4.13
7.21 4.59
4.42 1.07
7.89 5.22
2.31 4.43
6.52 7.9
2.06 3.2
4.4 2.99
7.87 1.61
3.21 2.52
1.36 0.98
2.29 6.76
9.05 4.52
1.81 5.54
7.57 2.85
5.87 1.15
4.46 7.22
3.46 3.68
4.71 2.9
2.05 0.88
4.61 8.27
0.58 0.35
5.84 0.04
2.41 3.01
9.26 5.94
4.37 2.15
9.81 8.33
8.88 3.13
4.06 5.86
4.63 4.29
1.98 6.49
2.35 3.51
8.55 3.54
6.6 8.97
6.99 3.46
7.8 5.66
1.64 5.15
0.09 7.91
4.91 1.38
5.33 8.05
