0.0 1.6065002262580599
0.025025025025025027 4.035930979497682
0.05005005005005005 6.904783798592765
0.07507507507507508 4.356121368995114
0.1001001001001001 3.514817940387546
0.12512512512512514 4.381659429086547
0.15015015015015015 5.269230201434813
0.1751751751751752 6.614058184779056
0.2002002002002002 5.863422191175058
0.22522522522522523 4.7968486656652845
0.2502502502502503 1.8248627730749782
0.2752752752752753 4.759478398785087
0.3003003003003003 2.471595699671169
0.3253253253253253 2.9741673484971702
0.3503503503503504 4.983744971738866
0.3753753753753754 0.8033704697674313
0.4004004004004004 1.699377111436672
0.42542542542542544 2.2126812653494174
0.45045045045045046 4.120978876162665
0.47547547547547553 5.393778514345254
0.5005005005005005 4.0744685417383675
0.5255255255255256 3.8009876254411754
0.5505505505505506 8.956763594342817
0.5755755755755756 5.184979120691613
0.6006006006006006 5.127090198686907
0.6256256256256256 4.052815615747274
0.6506506506506506 8.017736162626058
0.6756756756756758 5.2074390766456045
0.7007007007007008 7.656844707175011
0.7257257257257258 6.069600519158141
0.7507507507507508 5.535745719554699
0.7757757757757758 9.450526928802567
0.8008008008008008 7.269904621631936
0.8258258258258259 6.139720360995165
0.8508508508508509 7.506897460139562
0.8758758758758759 2.565827461091411
0.9009009009009009 8.649585453188383
0.9259259259259259 6.474616048674756
0.9509509509509511 6.878568579468676
0.9759759759759761 6.082842960467136
1.001001001001001 7.4807977787957745
1.026026026026026 5.697648994149735
1.0510510510510511 6.349522503411372
1.0760760760760761 4.988384222664557
1.1011011011011012 4.957857074950632
1.1261261261261262 6.710625099123523
1.1511511511511512 5.829884565411351
1.1761761761761762 8.990172278862227
1.2012012012012012 5.988321034182108
1.2262262262262262 8.023521954814163
1.2512512512512513 6.8407946602972345
1.2762762762762763 8.34689848043547
1.3013013013013013 12.342020298562076
1.3263263263263263 5.906917459282347
1.3513513513513515 10.185818842757554
1.3763763763763766 7.792555622090606
1.4014014014014016 7.000436526892855
1.4264264264264266 7.669486965343867
1.4514514514514516 8.42747545921198
1.4764764764764766 9.673668928931157
1.5015015015015016 11.216417262923361
1.5265265265265267 6.17145481035846
1.5515515515515517 8.388288696349369
1.5765765765765767 8.098655760320272
1.6016016016016017 4.6960990680693175
1.6266266266266267 10.012994911003108
1.6516516516516517 10.264020538981116
1.6766766766766767 9.469213908158924
1.7017017017017018 8.4735690035994
1.7267267267267268 10.392811073518594
1.7517517517517518 9.264504560689979
1.7767767767767768 6.402907106061168
1.8018018018018018 9.285017697893846
1.8268268268268268 7.161018735718961
1.8518518518518519 5.235481324531001
1.876876876876877 8.60348991776469
1.9019019019019021 10.42550943878052
1.9269269269269271 10.062522852216919
1.9519519519519521 10.252357451140961
1.9769769769769772 10.210804850075455
2.002002002002002 9.10121045527272
2.027027027027027 10.471587386822065
2.052052052052052 10.334620869060027
2.0770770770770772 8.66348624246177
2.1021021021021022 6.3798917552958985
2.1271271271271273 6.507590012022892
2.1521521521521523 11.910355024313267
2.1771771771771773 9.223421450033209
2.2022022022022023 13.67859324432207
2.2272272272272273 10.268563755237166
2.2522522522522523 13.705893171834074
2.2772772772772774 7.21901238578639
2.3023023023023024 9.106630560201898
2.3273273273273274 8.951376112176543
2.3523523523523524 6.7350154995196565
2.3773773773773774 13.26153664839736
2.4024024024024024 12.031208293572217
2.4274274274274275 11.651115488534906
2.4524524524524525 12.024498490772938
2.4774774774774775 7.103052662911029
2.5025025025025025 11.559682085122157
2.5275275275275275 10.031040228004626
2.5525525525525525 12.421580122382977
2.5775775775775776 14.954243980551432
2.6026026026026026 12.747584985337909
2.6276276276276276 14.384695580490305
2.6526526526526526 9.678455008373826
2.677677677677678 12.825822315735909
2.702702702702703 11.921571108254376
2.727727727727728 10.159057961346022
2.752752752752753 13.540727060571662
2.777777777777778 9.878214464132318
2.802802802802803 10.479109336400624
2.827827827827828 10.65635370672061
2.852852852852853 14.657442940825288
2.877877877877878 8.9897773762263
2.902902902902903 12.46298412997659
2.927927927927928 14.925413732373363
2.9529529529529532 15.523134712632364
2.9779779779779783 12.91136632435213
3.0030030030030033 6.962266595522285
3.0280280280280283 15.482565321799736
3.0530530530530533 10.355601535552715
3.0780780780780783 15.429358636818048
3.1031031031031033 10.668988957020872
3.1281281281281283 10.271205259521757
3.1531531531531534 13.332130185914512
3.1781781781781784 14.646984961014656
3.2032032032032034 11.86226075520121
3.2282282282282284 12.170620806504912
3.2532532532532534 15.169494439716951
3.2782782782782784 10.984668888090056
3.3033033033033035 11.70235004315762
3.3283283283283285 13.776471017784422
3.3533533533533535 12.329350167098784
3.3783783783783785 13.810368580819548
3.4034034034034035 12.863546276240816
3.4284284284284285 14.086203110005549
3.4534534534534536 11.93828552591797
3.4784784784784786 13.028434917485004
3.5035035035035036 13.40735939850709
3.5285285285285286 14.079148976604065
3.5535535535535536 11.036012134390976
3.5785785785785786 12.049769117272774
3.6036036036036037 12.327685660400396
3.6286286286286287 12.121356776224093
3.6536536536536537 14.413776474420175
3.6786786786786787 14.575386310595482
3.7037037037037037 14.38332337785938
3.7287287287287287 16.051960745506488
3.753753753753754 16.293737319005317
3.778778778778779 13.194300113895066
3.8038038038038042 13.246194814529757
3.8288288288288292 14.863780741746906
3.8538538538538543 14.354166106325431
3.8788788788788793 13.213715320054646
3.9039039039039043 12.596569895269855
3.9289289289289293 10.491259078951197
3.9539539539539543 13.2511828294258
3.9789789789789793 13.612059982852529
4.004004004004004 16.326541880005205
4.029029029029029 12.927644842116417
4.054054054054054 18.998684256185296
4.079079079079079 8.595958391217433
4.104104104104104 12.461977575947275
4.129129129129129 15.182798950551817
4.1541541541541545 12.219626858444213
4.1791791791791795 13.456967411584303
4.2042042042042045 14.790413150409334
4.2292292292292295 15.488200658150717
4.2542542542542545 14.49754756938025
4.2792792792792795 14.41574082880479
4.3043043043043046 15.413380631154066
4.32932932932933 13.178171158272932
4.354354354354355 17.195427840369153
4.37937937937938 18.57598322106519
4.404404404404405 18.04560660075971
4.42942942942943 14.82518366963624
4.454454454454455 18.47210920575158
4.47947947947948 14.600568056373962
4.504504504504505 14.371950432738593
4.52952952952953 11.731093414848504
4.554554554554555 15.163143150967429
4.57957957957958 16.170237292539458
4.604604604604605 18.190746138779875
4.62962962962963 18.65988148096836
4.654654654654655 15.496515006681081
4.67967967967968 15.876463990586528
4.704704704704705 15.832034766987894
4.72972972972973 17.035824340092038
4.754754754754755 15.971323722718013
4.77977977977978 14.346617867492093
4.804804804804805 18.557679148690784
4.82982982982983 14.11869749243446
4.854854854854855 20.316534103335844
4.87987987987988 14.937761619776435
4.904904904904905 14.690254396321684
4.92992992992993 17.976148738505113
4.954954954954955 20.759578252086435
4.97997997997998 13.949225833436813
5.005005005005005 15.521411320544733
5.03003003003003 17.92757956604583
5.055055055055055 15.913813293027527
5.08008008008008 16.890069669804536
5.105105105105105 19.461463045125722
5.13013013013013 17.437827334128507
5.155155155155155 20.093432258210623
5.18018018018018 19.243249868089535
5.205205205205205 18.741370172143885
5.23023023023023 17.889816391640444
5.255255255255255 14.68451030491218
5.28028028028028 17.30731355602922
5.305305305305305 20.17519119896861
5.33033033033033 16.00120202820564
5.355355355355356 18.03358800323753
5.380380380380381 18.72045593645528
5.405405405405406 18.02624203264835
5.430430430430431 18.5847084506964
5.455455455455456 18.9902224943768
5.480480480480481 21.187273537592965
5.505505505505506 19.092763257590654
5.530530530530531 20.272970606598243
5.555555555555556 22.17265304433172
5.580580580580581 24.260505876680625
5.605605605605606 21.606431499800493
5.630630630630631 18.064057686567402
5.655655655655656 19.896068879129665
5.680680680680681 21.190290022486856
5.705705705705706 20.26100501470058
5.730730730730731 22.74315061406703
5.755755755755756 21.319085572762113
5.780780780780781 21.111445616911393
5.805805805805806 21.102955372360377
5.830830830830831 23.759849668668814
5.855855855855856 18.832842836430746
5.8808808808808815 20.13313792937484
5.9059059059059065 23.663988058363334
5.9309309309309315 23.781482592593232
5.9559559559559565 21.900405372577794
5.9809809809809815 19.98362037448756
6.0060060060060065 21.826097046140124
6.0310310310310316 24.94525105487821
6.056056056056057 20.13342892895939
6.081081081081082 23.195877753918978
6.106106106106107 21.408466426563763
6.131131131131132 21.427268011892515
6.156156156156157 22.63371961776598
6.181181181181182 20.439850396628557
6.206206206206207 20.06058524783199
6.231231231231232 22.274833702946903
6.256256256256257 23.016635410407055
6.281281281281282 21.53874819832874
6.306306306306307 19.242407882448273
6.331331331331332 22.054299757450607
6.356356356356357 22.044384235406874
6.381381381381382 21.740042120416476
6.406406406406407 19.360024678701535
6.431431431431432 21.878786284044885
6.456456456456457 21.77571302927605
6.481481481481482 20.50794334334681
6.506506506506507 22.982453265055423
6.531531531531532 20.86807603389942
6.556556556556557 25.782645722206986
6.581581581581582 23.94578702226756
6.606606606606607 24.777709773341964
6.631631631631632 23.706164106651112
6.656656656656657 24.532536374217134
6.681681681681682 26.34979292991553
6.706706706706707 25.51653633613759
6.731731731731732 20.98839626269223
6.756756756756757 22.963916848089678
6.781781781781782 24.842153765441083
6.806806806806807 23.9096162479099
6.831831831831832 21.524764257399948
6.856856856856857 25.916970922924783
6.881881881881882 24.32109801953142
6.906906906906907 21.271461682096884
6.931931931931932 27.859164854968377
6.956956956956957 23.37796513299536
6.981981981981982 23.465191317168514
7.007007007007007 23.67810874848622
7.032032032032032 20.701906611659776
7.057057057057057 25.917726851173192
7.082082082082082 22.900020635921617
7.107107107107107 20.2084637036226
7.132132132132132 24.522295299952695
7.157157157157157 23.41047931960021
7.182182182182182 22.982853201369277
7.207207207207207 22.433510638387467
7.232232232232232 24.36542023000338
7.257257257257257 23.089931248888302
7.282282282282282 23.818762604870827
7.307307307307307 25.617510008429065
7.332332332332332 27.001859077182942
7.357357357357357 22.248154020778955
7.382382382382382 23.20063332217082
7.407407407407407 25.54070995292886
7.4324324324324325 23.36155676623766
7.4574574574574575 25.204295668433247
7.482482482482483 23.48418356992298
7.507507507507508 23.275072478424434
7.532532532532533 25.1446223049079
7.557557557557558 25.282914772129306
7.582582582582583 24.125945602498227
7.6076076076076085 26.579155721840763
7.6326326326326335 28.308174222299794
7.6576576576576585 23.316872643048633
7.6826826826826835 24.304145133814295
7.7077077077077085 21.894562016080474
7.7327327327327335 24.585628412358325
7.7577577577577586 26.678635158438272
7.782782782782784 24.027689544338827
7.807807807807809 27.170784790492913
7.832832832832834 26.16581485956616
7.857857857857859 24.40332430005348
7.882882882882884 24.78224451241848
7.907907907907909 20.48544353646633
7.932932932932934 26.473249441718046
7.957957957957959 24.269308062155336
7.982982982982984 25.108431676455247
8.008008008008009 29.67895070871469
8.033033033033034 30.118877198022474
8.058058058058059 27.97551845970903
8.083083083083084 25.60493268454541
8.108108108108109 27.495810664556373
8.133133133133134 29.181321942149765
8.158158158158159 27.187601472222077
8.183183183183184 27.79782108366884
8.208208208208209 27.78578679864704
8.233233233233234 28.70205730317734
8.258258258258259 27.3565937431867
8.283283283283284 28.024209801920478
8.308308308308309 24.31194861724901
8.333333333333334 27.524929876204656
8.358358358358359 26.49709041478273
8.383383383383384 24.243290209387368
8.408408408408409 26.144954958966174
8.433433433433434 28.528148426759603
8.458458458458459 29.40516623524241
8.483483483483484 27.254548722312894
8.508508508508509 26.948022137972007
8.533533533533534 28.565606832338474
8.558558558558559 26.373020052093146
8.583583583583584 28.149105607073807
8.608608608608609 29.992353533741223
8.633633633633634 26.852576346302385
8.65865865865866 25.94915773027202
8.683683683683684 29.69805223996387
8.70870870870871 30.29063092852559
8.733733733733734 28.07843370663871
8.75875875875876 27.49833499355215
8.783783783783784 29.234246311396827
8.80880880880881 26.703332535286325
8.833833833833834 27.861105963686256
8.85885885885886 28.080776617309
8.883883883883884 31.877240030911672
8.90890890890891 26.04633523405225
8.933933933933934 28.463073270677924
8.95895895895896 30.188174518543956
8.983983983983984 27.698040812834027
9.00900900900901 26.786961691048912
9.034034034034034 28.23000902023886
9.05905905905906 27.264527432411295
9.084084084084084 28.597339802924566
9.10910910910911 30.326380747262792
9.134134134134134 28.711928439664728
9.15915915915916 29.990418846900546
9.184184184184184 29.082955018101806
9.20920920920921 33.399189461406664
9.234234234234235 28.175853612596907
9.25925925925926 30.947380438093973
9.284284284284285 29.89618779154447
9.30930930930931 30.264433501892377
9.334334334334335 32.275256836644886
9.35935935935936 29.178600065305133
9.384384384384385 31.514037389881032
9.40940940940941 29.644833371758683
9.434434434434435 27.613156489791923
9.45945945945946 31.05450491124991
9.484484484484485 28.149908010334812
9.50950950950951 27.190692336072516
9.534534534534535 30.529502693810635
9.55955955955956 33.225630914392
9.584584584584585 31.792626751879784
9.60960960960961 32.334745390277725
9.634634634634635 33.31393740664467
9.65965965965966 32.61242585974271
9.684684684684685 33.77820277143558
9.70970970970971 30.635435193724813
9.734734734734735 34.14586793850436
9.75975975975976 29.780238511422358
9.784784784784785 29.546785685737962
9.80980980980981 32.6034986436727
9.834834834834835 32.069479105016256
9.85985985985986 32.143824477850714
9.884884884884885 30.97360876507556
9.90990990990991 31.862773030523698
9.934934934934935 31.46420131853734
9.95995995995996 35.448239453755455
9.984984984984985 31.659450023475717
10.01001001001001 34.371701550672995
10.035035035035035 34.91600503218698
10.06006006006006 34.899666431033566
10.085085085085085 32.754831737894236
10.11011011011011 32.01039899681253
10.135135135135135 33.752942058135375
10.16016016016016 34.3793684200692
10.185185185185185 32.0917057952237
10.21021021021021 30.113984899076335
10.235235235235235 27.27177343014683
10.26026026026026 31.845163472119737
10.285285285285285 32.477250892975526
10.31031031031031 30.991508550981685
10.335335335335335 33.48166375174075
10.36036036036036 33.52657146167762
10.385385385385385 32.159069617455245
10.41041041041041 30.555977639201057
10.435435435435435 31.131651680863563
10.46046046046046 30.258758961737446
10.485485485485485 36.57844439493485
10.51051051051051 35.21498749545712
10.535535535535535 34.34722280421305
10.56056056056056 32.72159892540372
10.585585585585585 31.67774297957077
10.61061061061061 32.68575464696632
10.635635635635635 32.14473825156148
10.66066066066066 36.15561679731753
10.685685685685687 33.180443606879855
10.710710710710712 32.000237842920676
10.735735735735737 32.49938394492737
10.760760760760762 29.496101359909417
10.785785785785787 33.78467696550191
10.810810810810812 34.38882418197317
10.835835835835837 33.87345286202466
10.860860860860862 32.29068664987124
10.885885885885887 34.63522201269974
10.910910910910912 33.62784852194768
10.935935935935937 32.28088879851646
10.960960960960962 33.72995603736192
10.985985985985987 31.086703656153915
11.011011011011012 35.08496203000964
11.036036036036037 36.46197070328262
11.061061061061062 34.03498473804589
11.086086086086087 35.04398238030694
11.111111111111112 33.2944350319465
11.136136136136138 36.425410514278695
11.161161161161163 38.19461307775971
11.186186186186188 36.15231516413474
11.211211211211213 33.90281257066062
11.236236236236238 36.896225352003285
11.261261261261263 34.535598784470615
11.286286286286288 37.14000405353569
11.311311311311313 32.881833432755
11.336336336336338 36.54905629840934
11.361361361361363 33.86950636768533
11.386386386386388 37.51438293478561
11.411411411411413 37.64159868017505
11.436436436436438 36.886105594236916
11.461461461461463 35.17619221163843
11.486486486486488 35.60677681204604
11.511511511511513 38.96479304388001
11.536536536536538 40.056914626729316
11.561561561561563 36.34148427251223
11.586586586586588 40.428156221695694
11.611611611611613 33.636387610157186
11.636636636636638 30.728483104979624
11.661661661661663 34.916584357292926
11.686686686686688 32.9390784731214
11.711711711711713 34.26248288797212
11.736736736736738 40.38269123071926
11.761761761761763 37.5757250460216
11.786786786786788 34.45634422176368
11.811811811811813 36.57273969519774
11.836836836836838 36.1602658060281
11.861861861861863 37.66626054571498
11.886886886886888 35.56656636224248
11.911911911911913 37.6493491225093
11.936936936936938 35.75163378484817
11.961961961961963 39.78508859718433
11.986986986986988 38.9614559187682
12.012012012012013 36.58544399741389
12.037037037037038 36.37705649496961
12.062062062062063 33.933610289531906
12.087087087087088 38.62963498554667
12.112112112112113 40.533665286737154
12.137137137137138 36.077920656991004
12.162162162162163 41.68859401938183
12.187187187187188 40.43254819655728
12.212212212212213 38.547219884366726
12.237237237237238 38.944837950087
12.262262262262263 36.50452040029734
12.287287287287288 35.663314591025035
12.312312312312313 38.1081291034694
12.337337337337338 35.969728150104615
12.362362362362363 39.045782992596976
12.387387387387388 37.96230805938769
12.412412412412413 37.71580436769478
12.437437437437438 37.14199639065219
12.462462462462463 38.445496946121345
12.487487487487488 42.396389458447075
12.512512512512513 42.752774128762
12.537537537537538 42.16360721516131
12.562562562562563 38.749041826835125
12.587587587587588 40.08361987163372
12.612612612612613 38.03739381583593
12.637637637637638 45.628212599738106
12.662662662662663 38.18571383084923
12.687687687687689 38.46130267873903
12.712712712712714 37.88034970934687
12.737737737737739 38.87183490402828
12.762762762762764 37.21767782636508
12.787787787787789 36.5818313106691
12.812812812812814 38.55243625138331
12.837837837837839 42.27705185204223
12.862862862862864 40.52259222163843
12.887887887887889 44.43375720592815
12.912912912912914 40.382102552579624
12.937937937937939 42.10315083401089
12.962962962962964 40.79584533943194
12.987987987987989 41.76244649495789
13.013013013013014 40.63298457806247
13.038038038038039 40.01093753745752
13.063063063063064 40.92099909643536
13.088088088088089 41.81743432492076
13.113113113113114 42.64180893289039
13.138138138138139 39.53422078176476
13.163163163163164 41.803761682896166
13.188188188188189 39.83228157492015
13.213213213213214 40.86922089307761
13.238238238238239 42.8049075189116
13.263263263263264 37.62141937694243
13.288288288288289 42.149318821984586
13.313313313313314 39.99788847982258
13.338338338338339 40.55650141089652
13.363363363363364 42.64268336880641
13.388388388388389 42.619046921079274
13.413413413413414 41.315174908298616
13.438438438438439 42.24709396964818
13.463463463463464 40.38108124187516
13.488488488488489 39.62084752474636
13.513513513513514 42.65130757746801
13.538538538538539 40.562126728745405
13.563563563563564 45.004080737183294
13.588588588588589 41.84056359516791
13.613613613613614 39.259958491920585
13.63863863863864 41.356111751674604
13.663663663663664 37.01788170579462
13.68868868868869 44.20389897275365
13.713713713713714 42.53076739519813
13.73873873873874 44.74290836065637
13.763763763763764 41.6087768858111
13.78878878878879 40.30507768138345
13.813813813813814 42.96842511943038
13.83883883883884 42.453551192425955
13.863863863863864 40.308452934862025
13.88888888888889 41.35045293406752
13.913913913913914 38.583027230074805
13.93893893893894 42.19296714917764
13.963963963963964 41.44378769874387
13.98898898898899 47.278504706269736
14.014014014014014 41.84694185281332
14.03903903903904 45.757420255103135
14.064064064064064 46.2622051375926
14.08908908908909 40.60912286799576
14.114114114114114 41.53545132882347
14.13913913913914 43.97876594997984
14.164164164164164 38.295022672795916
14.18918918918919 41.41647750475727
14.214214214214214 39.459929927918125
14.23923923923924 45.216341097357144
14.264264264264265 40.92754793047389
14.28928928928929 42.16208901825921
14.314314314314315 42.975834213827234
14.33933933933934 39.96805964338626
14.364364364364365 41.99512799766694
14.38938938938939 42.562307505144446
14.414414414414415 42.981034814888886
14.43943943943944 46.124417407460314
14.464464464464465 42.34539999332329
14.48948948948949 44.3359808561591
14.514514514514515 42.85691912430244
14.53953953953954 46.56591668110589
14.564564564564565 46.011019949876534
14.58958958958959 44.08328383841036
14.614614614614615 46.676640937012074
14.63963963963964 43.6423585618599
14.664664664664665 46.20868987703998
14.68968968968969 43.93922465503835
14.714714714714715 45.69707759463151
14.73973973973974 44.62658985732538
14.764764764764765 46.98476354431066
14.78978978978979 43.766207908372834
14.814814814814815 46.33188784924511
14.83983983983984 49.943525066527386
14.864864864864865 41.315341859861334
14.88988988988989 44.74904154518155
14.914914914914915 45.5342371490262
14.93993993993994 44.594249690188406
14.964964964964967 47.144085316291864
14.989989989989992 47.860302678301785
15.015015015015017 44.624265784796165
15.040040040040042 47.13517403504721
15.065065065065067 48.0044354200085
15.090090090090092 45.19266730665817
15.115115115115117 47.80597125086831
15.140140140140142 44.11667049773111
15.165165165165167 47.122649706674515
15.190190190190192 46.5262535378741
15.215215215215217 48.100352007598886
15.240240240240242 42.17985567956702
15.265265265265267 46.40286764612512
15.290290290290292 47.27933481086661
15.315315315315317 47.86244489942302
15.340340340340342 48.02550048360065
15.365365365365367 45.44630714157084
15.390390390390392 43.83841042178323
15.415415415415417 46.76249302238355
15.440440440440442 48.22920023361959
15.465465465465467 45.52706848544639
15.490490490490492 46.259597059916075
15.515515515515517 49.09054852479187
15.540540540540542 47.516744511686944
15.565565565565567 44.222063215514986
15.590590590590592 47.25825224580384
15.615615615615617 45.31714617467374
15.640640640640642 47.88310237711637
15.665665665665667 45.33118896302031
15.690690690690692 50.254859538016156
15.715715715715717 46.3064878022515
15.740740740740742 49.723893450792524
15.765765765765767 50.1800454070607
15.790790790790792 48.28425507377751
15.815815815815817 46.096730517650585
15.840840840840842 50.88854193327486
15.865865865865867 48.94210353137497
15.890890890890892 51.228115187635616
15.915915915915917 47.866235726999236
15.940940940940942 45.984218107539114
15.965965965965967 46.67411980681535
15.990990990990992 48.42589650710765
16.016016016016017 48.412046427533085
16.04104104104104 45.305245255883506
16.066066066066067 44.325252567386975
16.09109109109109 50.184373776865286
16.116116116116117 48.48833037985233
16.14114114114114 47.27448420996795
16.166166166166168 50.96599679328927
16.19119119119119 48.175219286853576
16.216216216216218 50.868985618991665
16.24124124124124 48.69875510643875
16.266266266266268 50.03955128994211
16.29129129129129 51.33368178548117
16.316316316316318 49.85900316744337
16.34134134134134 49.67172683412595
16.366366366366368 52.48876694614751
16.39139139139139 50.96372585754417
16.416416416416418 49.82668051700999
16.44144144144144 48.59032334220755
16.466466466466468 48.474612520147474
16.49149149149149 51.51579756012001
16.516516516516518 46.90635711209944
16.54154154154154 49.216123564660826
16.566566566566568 44.272185049671585
16.59159159159159 52.93261142787896
16.616616616616618 50.89287392639785
16.64164164164164 51.04698754072075
16.666666666666668 47.82243916650239
16.69169169169169 52.35085763717323
16.716716716716718 50.49267581715125
16.74174174174174 49.16457382323938
16.766766766766768 46.00357620814117
16.79179179179179 51.51877759363313
16.816816816816818 52.61539531214499
16.84184184184184 50.990528296886914
16.866866866866868 51.41038311288635
16.89189189189189 49.30518129619989
16.916916916916918 52.35370858475566
16.94194194194194 51.09269595795328
16.966966966966968 50.760978175295214
16.99199199199199 52.14114004671846
17.017017017017018 48.30080762016788
17.04204204204204 52.961061237811805
17.067067067067068 53.34008113883174
17.092092092092095 49.15280407535272
17.117117117117118 50.0286418985894
17.142142142142145 49.81121325550094
17.167167167167168 50.025067798202386
17.192192192192195 49.760101894237245
17.217217217217218 52.80976691785288
17.242242242242245 53.108547114915396
17.26726726726727 53.761168158863285
17.292292292292295 51.67661109641042
17.31731731731732 53.82306322013102
17.342342342342345 51.34935400476885
17.36736736736737 48.48283156675732
17.392392392392395 53.278523116524454
17.41741741741742 52.396803064012516
17.442442442442445 54.60346545175033
17.46746746746747 53.480757587660264
17.492492492492495 54.640803204061946
17.51751751751752 55.64737649674686
17.542542542542545 49.8053014923382
17.56756756756757 50.87413432345679
17.592592592592595 55.34133080507245
17.61761761761762 55.231373373744105
17.642642642642645 54.61565931651822
17.66766766766767 51.8728288248277
17.692692692692695 53.28032793902722
17.71771771771772 53.32019049096713
17.742742742742745 52.24539477949204
17.76776776776777 55.229252417701154
17.792792792792795 55.746782528198786
17.81781781781782 52.686862676462326
17.842842842842845 52.69738072240852
17.86786786786787 55.38887680826447
17.892892892892895 54.43217466275474
17.91791791791792 53.392038059211195
17.942942942942945 53.492602923370455
17.96796796796797 51.76749705892367
17.992992992992995 55.39476338298186
18.01801801801802 57.78423053203746
18.043043043043046 55.170137103136916
18.06806806806807 55.12391369799967
18.093093093093096 55.42450058931442
18.11811811811812 52.60148110862333
18.143143143143146 56.1692254220709
18.16816816816817 53.29486624134599
18.193193193193196 53.86136603440459
18.21821821821822 50.99836386125288
18.243243243243246 54.323111900896656
18.26826826826827 54.89682361596857
18.293293293293296 52.687016192221584
18.31831831831832 57.95983382938285
18.343343343343346 53.78276291263219
18.36836836836837 55.1401643655314
18.393393393393396 59.90230287232126
18.41841841841842 54.17304509562233
18.443443443443446 58.55894838126719
18.46846846846847 53.9743527898935
18.493493493493496 56.1605366988945
18.51851851851852 55.75977704335987
18.543543543543546 56.48861993539182
18.56856856856857 52.957079025817265
18.593593593593596 57.331108128130104
18.61861861861862 53.646825084717776
18.643643643643646 55.470897072058484
18.66866866866867 58.8032327450347
18.693693693693696 56.605531016850286
18.71871871871872 56.31081495924995
18.743743743743746 55.448725280404354
18.76876876876877 58.213970997119226
18.793793793793796 58.2162370397576
18.81881881881882 54.25930392286148
18.843843843843846 56.228197019922035
18.86886886886887 57.21911118686653
18.893893893893896 54.01703089485884
18.91891891891892 63.24970332748558
18.943943943943946 56.57561389755624
18.96896896896897 58.36970126812737
18.993993993993996 56.10528640473845
19.01901901901902 55.359925676876045
19.044044044044046 57.137805278861386
19.06906906906907 58.45897468500353
19.094094094094096 57.08148031799189
19.11911911911912 56.613218523967845
19.144144144144146 54.913005301463336
19.16916916916917 56.30770067603283
19.194194194194196 58.38087299092533
19.21921921921922 57.61085003379394
19.244244244244246 58.33639254732261
19.26926926926927 57.63268323026013
19.294294294294296 55.839542682949364
19.31931931931932 60.79057015650346
19.344344344344346 56.60165928750052
19.36936936936937 57.90141107983843
19.394394394394396 59.85186397575013
19.41941941941942 60.56994576145857
19.444444444444446 60.453022479312125
19.46946946946947 57.984591907321025
19.494494494494496 57.53069019216709
19.51951951951952 57.356503840477146
19.544544544544546 54.046596789724646
19.56956956956957 60.085896004370944
19.594594594594597 60.19391536578779
19.61961961961962 59.1351424880213
19.644644644644647 61.14772383165617
19.66966966966967 56.94404397215246
19.694694694694697 58.84457912838611
19.71971971971972 61.463353020971255
19.744744744744747 56.57501229628642
19.76976976976977 59.05060763773906
19.794794794794797 62.9344952953677
19.81981981981982 63.69791861134142
19.844844844844847 61.13078562187291
19.86986986986987 59.33483146270947
19.894894894894897 61.08824593401214
19.91991991991992 58.13930615006243
19.944944944944947 60.1601504811294
19.96996996996997 60.203884461408904
19.994994994994997 58.05535387486791
20.02002002002002 59.26617075598912
20.045045045045047 59.13302312312803
20.07007007007007 58.92519955063817
20.095095095095097 60.48132218578003
20.12012012012012 58.77990150457012
20.145145145145147 59.42796681658419
20.17017017017017 64.59022039887813
20.195195195195197 59.44791764089133
20.22022022022022 59.79260801082624
20.245245245245247 58.613154851783726
20.27027027027027 58.38400238244237
20.295295295295297 61.350267522234425
20.32032032032032 57.98826170392565
20.345345345345347 59.716716051413755
20.37037037037037 60.486165123984186
20.395395395395397 63.69661628963818
20.42042042042042 59.01859400931036
20.445445445445447 54.437618309226096
20.47047047047047 60.61582729953996
20.495495495495497 60.831685036945466
20.52052052052052 60.622156563021804
20.545545545545547 57.10137196621777
20.57057057057057 62.49471476436976
20.595595595595597 59.44617784259605
20.62062062062062 59.71353143684614
20.645645645645647 63.42420169721726
20.67067067067067 64.73582232750415
20.695695695695697 58.99777527928546
20.72072072072072 63.5705480256098
20.745745745745747 59.836623146986646
20.77077077077077 62.76496428245764
20.795795795795797 61.10921117530099
20.82082082082082 61.615435709987736
20.845845845845847 59.2259400495151
20.87087087087087 64.54164499746244
20.895895895895897 59.840703750156706
20.92092092092092 60.59003843620993
20.945945945945947 64.26426441940887
20.97097097097097 57.20115668376649
20.995995995995997 64.39829557177005
21.02102102102102 63.98832530423057
21.046046046046047 64.94924755286684
21.07107107107107 62.52976670781696
21.096096096096097 65.11225744573434
21.12112112112112 63.565070877845315
21.146146146146148 59.21466027871877
21.17117117117117 58.22651290896279
21.196196196196198 63.628490610895625
21.22122122122122 64.56754489968839
21.246246246246248 63.517111821152724
21.27127127127127 61.43039894847514
21.296296296296298 65.39398969456309
21.32132132132132 67.09287564392724
21.346346346346348 63.919112969139235
21.371371371371374 64.87344619326687
21.396396396396398 63.93344445779543
21.421421421421424 65.66098998646734
21.446446446446448 64.51642247679428
21.471471471471475 64.75243546460716
21.496496496496498 63.17574289026329
21.521521521521525 62.30078972377598
21.546546546546548 64.92103651701309
21.571571571571575 62.786894911735615
21.596596596596598 61.21273773341515
21.621621621621625 65.15177942986989
21.646646646646648 64.57665815098034
21.671671671671675 63.36945372789857
21.696696696696698 64.90089216157156
21.721721721721725 64.10138437186444
21.746746746746748 62.27095293566347
21.771771771771775 62.58781289653337
21.796796796796798 61.53827045834524
21.821821821821825 66.11349191987847
21.846846846846848 63.9848629213241
21.871871871871875 65.45603332406803
21.896896896896898 64.94440087168574
21.921921921921925 64.20177993607554
21.946946946946948 67.14037451889138
21.971971971971975 66.11417216425997
21.996996996996998 65.37538445463167
22.022022022022025 65.36174054708327
22.047047047047048 67.16562377542375
22.072072072072075 65.35763091154985
22.097097097097098 64.98402187297766
22.122122122122125 69.46243439050407
22.147147147147148 69.07841332999661
22.172172172172175 66.68825381420423
22.197197197197198 68.81030499757361
22.222222222222225 67.46731746403607
22.24724724724725 62.457777063139716
22.272272272272275 60.978172095935435
22.2972972972973 64.25413449104342
22.322322322322325 65.7234735921185
22.34734734734735 67.50213108376802
22.372372372372375 72.07612929902658
22.3973973973974 64.72923122508224
22.422422422422425 66.62590380909919
22.44744744744745 67.19771604513348
22.472472472472475 67.55981975068751
22.4974974974975 67.11161848245713
22.522522522522525 70.35199596712894
22.54754754754755 68.31699503661325
22.572572572572575 68.43191382408857
22.5975975975976 69.92523855811245
22.622622622622625 67.68220042728794
22.64764764764765 66.95989239517542
22.672672672672675 65.6731464004618
22.6976976976977 68.89819186504845
22.722722722722725 68.01293666912537
22.74774774774775 67.3452850921436
22.772772772772775 61.72082493725632
22.7977977977978 67.4130069014829
22.822822822822825 66.793073278979
22.84784784784785 69.96996845444309
22.872872872872875 66.75892429751465
22.8978978978979 65.62968394849848
22.922922922922925 66.70063561853483
22.94794794794795 66.21358637391256
22.972972972972975 64.14632607700061
22.997997997998 64.48822978312118
23.023023023023026 71.28647139446029
23.04804804804805 68.28314378075666
23.073073073073076 72.19777205236913
23.0980980980981 71.89300647371994
23.123123123123126 67.56969899082888
23.14814814814815 67.09934025326652
23.173173173173176 67.46083806299151
23.1981981981982 71.65579090582597
23.223223223223226 66.29757540822061
23.24824824824825 69.47024234258315
23.273273273273276 67.38966367137483
23.2982982982983 69.73440773336053
23.323323323323326 65.85835012803034
23.34834834834835 68.76100016373445
23.373373373373376 70.8311901722186
23.3983983983984 71.66881569589428
23.423423423423426 68.65848156828035
23.44844844844845 68.24615053775916
23.473473473473476 70.20278730129306
23.4984984984985 67.35780959334343
23.523523523523526 71.09118955148092
23.54854854854855 68.13112087760037
23.573573573573576 71.53197861860727
23.5985985985986 66.18712355654225
23.623623623623626 71.47285750351307
23.64864864864865 73.0743337671233
23.673673673673676 67.03315948704235
23.6986986986987 69.21183566000546
23.723723723723726 69.2922225136715
23.74874874874875 69.96682677848895
23.773773773773776 69.75190945382408
23.7987987987988 69.96709949686134
23.823823823823826 67.3239583538936
23.84884884884885 72.45429497494194
23.873873873873876 73.57539830387428
23.8988988988989 67.7442529842779
23.923923923923926 74.62451621397538
23.94894894894895 71.50111569074849
23.973973973973976 69.47471367181237
23.998998998999 69.82917855443954
24.024024024024026 70.77880554925592
24.04904904904905 72.54773678335845
24.074074074074076 71.92176181179255
24.0990990990991 73.26273616758594
24.124124124124126 69.13720521106616
24.14914914914915 73.27491892521697
24.174174174174176 73.08502640926571
24.1991991991992 71.36484523451861
24.224224224224226 69.2511437381138
24.24924924924925 71.14323468938278
24.274274274274276 73.12852124328
24.2992992992993 73.00012190714088
24.324324324324326 71.88433728869371
24.34934934934935 70.84718843270706
24.374374374374376 70.29910213714119
24.3993993993994 72.39664809660742
24.424424424424426 67.51410888156104
24.44944944944945 73.74681277177064
24.474474474474476 71.47135162834978
24.4994994994995 75.47784495795297
24.524524524524526 72.83964858098116
24.54954954954955 70.64492497210416
24.574574574574577 74.09464481784654
24.5995995995996 71.5575484759792
24.624624624624627 72.96465449670609
24.64964964964965 72.86929408667304
24.674674674674677 73.7713464842551
24.6996996996997 71.80521690476048
24.724724724724727 70.12262361558093
24.74974974974975 68.5558649064265
24.774774774774777 72.73847048666795
24.7997997997998 70.52495119380019
24.824824824824827 71.5079809523293
24.84984984984985 76.21770326514664
24.874874874874877 69.16164361972513
24.8998998998999 72.1367614966387
24.924924924924927 73.52099693441127
24.94994994994995 74.18396699087992
24.974974974974977 73.8712219251826
25.0 69.82748943198746
