1.000000000000000000e+00 1.057195802636713422e+00
1.000000000000000000e+00 2.555749585777787880e-01
1.000000000000000000e+00 1.422328558115398600e+00
1.000000000000000000e+00 -1.358331036553901860e+00
1.000000000000000000e+00 1.433907291426232522e+00
1.000000000000000000e+00 3.922785493269427270e-01
1.000000000000000000e+00 -8.360651210161964553e-01
1.000000000000000000e+00 2.388228027734030867e+00
1.000000000000000000e+00 1.111382352049333777e-01
1.000000000000000000e+00 7.365800137655098556e-01
1.000000000000000000e+00 1.034795197281222823e+00
1.000000000000000000e+00 1.698871627776604498e+00
1.000000000000000000e+00 -7.714907916234636787e-02
1.000000000000000000e+00 -4.338505798722105400e-01
1.000000000000000000e+00 6.329527074021908950e-01
1.000000000000000000e+00 4.085708515211151637e-01
1.000000000000000000e+00 -5.021457456986238022e-01
1.000000000000000000e+00 4.838067541330490773e-01
1.000000000000000000e+00 1.351909768404118362e+00
1.000000000000000000e+00 1.034399600634201555e+00
1.000000000000000000e+00 1.718361470290762139e+00
1.000000000000000000e+00 2.629734625721308561e+00
1.000000000000000000e+00 9.634125395698737160e-01
1.000000000000000000e+00 1.951303905216396073e+00
1.000000000000000000e+00 5.634411392029876620e-01
1.000000000000000000e+00 -5.523000813545007048e-01
1.000000000000000000e+00 2.131509261898065333e+00
1.000000000000000000e+00 2.224529380073846596e+00
1.000000000000000000e+00 -8.308462413981185790e-01
1.000000000000000000e+00 -6.715379918762875988e-02
1.000000000000000000e+00 -2.447853370692225639e-01
1.000000000000000000e+00 5.919802038322276028e-01
1.000000000000000000e+00 -2.491931219352583327e-02
1.000000000000000000e+00 -3.295790811542429477e-01
1.000000000000000000e+00 -1.204836538738792040e+00
1.000000000000000000e+00 1.438034489288881890e+00
1.000000000000000000e+00 4.107409089450783091e-01
1.000000000000000000e+00 8.155503940673547447e-01
1.000000000000000000e+00 6.685312865607251354e-01
1.000000000000000000e+00 -3.794573691072378185e-01
1.000000000000000000e+00 3.217140541623219052e-01
1.000000000000000000e+00 1.533404457583102509e+00
1.000000000000000000e+00 4.341408677683205930e+00
1.000000000000000000e+00 -4.727550931271173873e-02
1.000000000000000000e+00 -2.147465247356863394e-01
1.000000000000000000e+00 1.854115999100492740e+00
1.000000000000000000e+00 1.017867436793709723e+00
1.000000000000000000e+00 1.377083350828158581e+00
1.000000000000000000e+00 7.696661121065110356e-01
1.000000000000000000e+00 -1.430027497520445223e-01
1.000000000000000000e+00 8.270524797392582173e-01
1.000000000000000000e+00 8.539114352005797715e-01
1.000000000000000000e+00 1.155813650695096451e+00
1.000000000000000000e+00 1.048201177013046825e+00
1.000000000000000000e+00 2.402578052128161445e-01
1.000000000000000000e+00 -1.149858809219347577e+00
1.000000000000000000e+00 1.676687821488685115e+00
1.000000000000000000e+00 1.380584532316938562e-01
1.000000000000000000e+00 8.625199901423075133e-04
1.000000000000000000e+00 1.945278577963281519e+00
1.000000000000000000e+00 -1.506482080225658216e+00
1.000000000000000000e+00 -7.082002374104958697e-01
1.000000000000000000e+00 2.566737916789088025e-01
1.000000000000000000e+00 -9.853530932941447773e-01
1.000000000000000000e+00 9.667325465183407296e-02
1.000000000000000000e+00 -8.076205095019595159e-01
1.000000000000000000e+00 1.341924444522999416e+00
1.000000000000000000e+00 1.252058382704842820e+00
1.000000000000000000e+00 4.188434236531268784e-02
1.000000000000000000e+00 2.429008869625857603e+00
1.000000000000000000e+00 1.745257924326051757e+00
1.000000000000000000e+00 -1.299314137235791922e-01
1.000000000000000000e+00 3.540254722364388762e-01
1.000000000000000000e+00 3.154346225536901915e+00
1.000000000000000000e+00 1.831139683729856582e+00
1.000000000000000000e+00 1.585201218121545352e+00
1.000000000000000000e+00 1.052072002596803557e+00
1.000000000000000000e+00 1.479776884320266994e+00
1.000000000000000000e+00 4.804570706793859225e-01
1.000000000000000000e+00 -8.629000085514899610e-01
1.000000000000000000e+00 -3.050262036554944878e-01
1.000000000000000000e+00 3.177630509604035147e+00
1.000000000000000000e+00 2.858356634121401285e+00
1.000000000000000000e+00 5.891041015099958145e-01
1.000000000000000000e+00 8.399720548575468904e-01
1.000000000000000000e+00 2.210429112963476328e+00
1.000000000000000000e+00 3.126312968934067182e+00
1.000000000000000000e+00 5.423543725885802136e-01
1.000000000000000000e+00 -8.354224339246796305e-02
1.000000000000000000e+00 1.841966380882306353e+00
1.000000000000000000e+00 9.372339457566216669e-01
1.000000000000000000e+00 -2.684302525641160120e-01
1.000000000000000000e+00 1.088172422519714910e+00
1.000000000000000000e+00 1.508387063201446221e+00
1.000000000000000000e+00 1.268023743467687758e+00
1.000000000000000000e+00 -4.286208547352934328e-01
1.000000000000000000e+00 1.559004804113526710e+00
1.000000000000000000e+00 5.561264068321848386e-01
1.000000000000000000e+00 -2.969849301578979528e-01
1.000000000000000000e+00 1.920608509101666028e+00
2.000000000000000000e+00 1.263253973853298184e+00
2.000000000000000000e+00 3.354085635987814396e+00
2.000000000000000000e+00 8.423571821051369923e-01
2.000000000000000000e+00 9.490167773445185029e-01
2.000000000000000000e+00 1.330469689834654190e+00
2.000000000000000000e+00 1.245033260832544730e+00
2.000000000000000000e+00 2.596788959501408200e-01
2.000000000000000000e+00 1.523859682463324816e+00
2.000000000000000000e+00 1.861763599262433733e+00
2.000000000000000000e+00 -2.487456687540594569e-01
2.000000000000000000e+00 8.497210617781747466e-01
2.000000000000000000e+00 3.771938611200920111e-01
2.000000000000000000e+00 8.474909612948802184e-01
2.000000000000000000e+00 4.948085571369928992e-01
2.000000000000000000e+00 3.014524433524161662e+00
2.000000000000000000e+00 -5.879889980980395059e-01
2.000000000000000000e+00 1.804522258928015876e+00
2.000000000000000000e+00 1.002400346744304560e+00
2.000000000000000000e+00 1.942050648496810084e+00
2.000000000000000000e+00 -4.984053096268592498e-03
2.000000000000000000e+00 -4.830146144419558141e-01
2.000000000000000000e+00 -4.656820202631350991e-01
2.000000000000000000e+00 5.728301959533148580e-01
2.000000000000000000e+00 6.403635125609798973e-01
2.000000000000000000e+00 1.534689726695596113e+00
2.000000000000000000e+00 -6.906464646296690546e-01
2.000000000000000000e+00 -3.247827984737956530e-01
2.000000000000000000e+00 2.916393068878201156e+00
2.000000000000000000e+00 9.340949440522847702e-01
2.000000000000000000e+00 1.206536917943226150e-01
2.000000000000000000e+00 -6.394654094488827489e-01
2.000000000000000000e+00 -7.246792293468193868e-01
2.000000000000000000e+00 1.934688846557896191e+00
2.000000000000000000e+00 1.121706864154264460e+00
2.000000000000000000e+00 1.162214207612178196e+00
2.000000000000000000e+00 7.827115799017632103e-01
2.000000000000000000e+00 1.320439793315862698e+00
2.000000000000000000e+00 3.548596440115640016e-01
2.000000000000000000e+00 8.908141008241352576e-01
2.000000000000000000e+00 4.504862249640925187e-01
2.000000000000000000e+00 1.807235129388820472e+00
2.000000000000000000e+00 1.243103024096483322e+00
2.000000000000000000e+00 2.184301265300821360e+00
2.000000000000000000e+00 1.291332208231697587e+00
2.000000000000000000e+00 -4.624730349153918230e-01
2.000000000000000000e+00 2.360026845516665084e-01
2.000000000000000000e+00 1.226235083723235419e+00
2.000000000000000000e+00 -4.919492364474455925e-01
2.000000000000000000e+00 8.961835359292203984e-01
2.000000000000000000e+00 1.590884886012801314e+00
2.000000000000000000e+00 2.666288635588344169e-01
2.000000000000000000e+00 1.629854878359702663e+00
2.000000000000000000e+00 1.925941304122634534e+00
2.000000000000000000e+00 -5.715749788732471526e-01
2.000000000000000000e+00 8.190340037398752271e-01
2.000000000000000000e+00 5.491265941222979174e-01
2.000000000000000000e+00 9.953884254094380601e-03
2.000000000000000000e+00 -6.495604041325304667e-01
2.000000000000000000e+00 5.646426584040800112e-01
2.000000000000000000e+00 4.737592293708325908e-01
2.000000000000000000e+00 1.768873441471334296e+00
2.000000000000000000e+00 8.348502403183050147e-01
2.000000000000000000e+00 6.462172345448445876e-01
2.000000000000000000e+00 -7.195988664721715278e-01
2.000000000000000000e+00 1.908110884739051105e+00
2.000000000000000000e+00 -1.073201890985957085e+00
2.000000000000000000e+00 6.204066906868495046e-01
2.000000000000000000e+00 3.219363809312687952e+00
2.000000000000000000e+00 2.379340032434469343e+00
2.000000000000000000e+00 8.855443305572244794e-01
2.000000000000000000e+00 1.360298289420887929e+00
2.000000000000000000e+00 8.578726340736608780e-02
2.000000000000000000e+00 1.136624493980381345e+00
2.000000000000000000e+00 -7.708037390259971922e-01
2.000000000000000000e+00 2.068259590099600143e+00
2.000000000000000000e+00 1.248847487047648253e+00
2.000000000000000000e+00 -9.181609562489945198e-01
2.000000000000000000e+00 4.726006995967055868e-01
2.000000000000000000e+00 9.046059012006870681e-01
2.000000000000000000e+00 1.836865393068077168e+00
2.000000000000000000e+00 1.186938910729188779e+00
2.000000000000000000e+00 2.683201427233997904e+00
2.000000000000000000e+00 2.119964913299840603e+00
2.000000000000000000e+00 7.681494072151133778e-01
2.000000000000000000e+00 -4.527177358318914546e-01
2.000000000000000000e+00 1.995933839467138871e+00
2.000000000000000000e+00 1.494358984158782322e+00
2.000000000000000000e+00 5.640545134527490401e-01
2.000000000000000000e+00 1.572703993629216646e+00
2.000000000000000000e+00 1.059644776109766040e+00
2.000000000000000000e+00 1.807515142743435943e+00
2.000000000000000000e+00 -3.430873505611242713e-02
2.000000000000000000e+00 2.966560473743110826e+00
2.000000000000000000e+00 1.420825271188679295e+00
2.000000000000000000e+00 2.967819517662813045e-01
2.000000000000000000e+00 2.214220555401500867e+00
2.000000000000000000e+00 1.068889976187839874e+00
2.000000000000000000e+00 2.276618920929926126e+00
2.000000000000000000e+00 -1.683366559346060054e-01
2.000000000000000000e+00 3.969148066686905008e-01